
https://wdc.kugi.kyoto-u.ac.jp/dst_realtime/202504/index.html

  WDC for Geomagnetism, Kyoto
                                Hourly Equatorial Dst Values (REAL-TIME)  
                                              APRIL   2025
      unit=nT                                                                                      UT
      1   2   3   4   5   6   7   8    9  10  11  12  13  14  15  16   17  18  19  20  21  22  23  24
DAY
 1   -5  -1  -1  -2  -1   1   4   4    4   3   3   3   3   0   0   1    1   3   9  15  15  13  15  14
 2    7 -10 -19 -20 -25 -26 -24 -27  -35 -35 -36 -30 -30 -27 -22 -23  -24 -20 -19 -24 -29 -31 -37 -40
 3  -43 -46 -41 -35 -28 -21 -17 -11  -11  -5  -2  -4 -10 -25 -34 -30  -20 -17 -20 -37 -43 -28 -18 -19
 4  -32 -27 -30 -33 -33 -35 -33 -37  -42 -48 -48 -55 -50 -61 -69 -67  -61 -65 -67 -64 -55 -60 -70 -69
 5  -56 -51 -65 -69 -59 -48 -60 -61  -54 -55 -60 -55 -64 -61 -58 -60  -61 -62 -65 -69 -63 -67 -57 -59

 6  -59 -61 -55 -50 -45 -41 -40 -39  -40 -36 -37 -37 -33 -35 -40 -43  -40 -41 -45 -48 -49 -39 -38 -41
 7  -43 -41 -39 -42 -41 -34 -26 -22  -21 -22 -21 -25 -24 -23 -24 -25  -26 -35 -44 -45 -44 -43 -44 -49
 8  -45 -36 -27 -32 -30 -27 -24 -26  -30 -30 -28 -26 -25 -20 -27 -23  -21 -31 -29 -31 -36 -32 -32 -33
 9  -39 -38 -39 -37 -31 -34 -43 -51  -49 -42 -51 -52 -46 -47 -45 -45  -42 -46 -46 -44 -45 -43 -42 -40
10  -41 -35 -38 -43 -43 -43 -43 -36  -32 -36 -34 -32 -29 -28 -24 -21  -18 -20 -24 -24 -22 -35 -45 -43

11  -44 -42 -38 -36 -29 -26 -27 -25  -23 -25 -24 -24 -20 -23 -31 -27  -26 -27 -33 -42 -44 -39 -38 -40
12  -45 -41 -43 -38 -31 -27 -23 -31  -37 -31 -24 -32 -42 -43 -44 -46  -49 -54 -57 -60 -68 -56 -46 -45
13  -44 -36 -39 -38 -33 -33 -30 -27  -21 -23 -25 -25 -25 -26 -25 -27  -22 -22 -22 -29 -30 -36 -43 -42
14  -36 -26 -22 -27 -34 -32 -21 -29  -35 -37 -34 -31 -29 -28 -24 -24  -27 -30 -24 -28 -30 -35 -36 -34
15  -36 -29 -22 -21 -22 -20 -14 -15  -18 -21 -20 -19 -19 -22 -21 -21  -21  -1  14   6  -1   9  -3 -20

16  -33 -21 -11 -11 -16 -11  -1  -1    7   5  -1  -2 -36 -74-101-113 -126-138-130-122-118-110 -96 -79
17  -75 -71 -69 -52 -49 -51 -52 -54  -55 -50 -47 -43 -41 -22 -18 -20  -21 -20 -19 -24 -24 -26 -26 -26
18  -27 -20 -23 -46 -51 -48 -41 -36  -32 -33 -37 -32 -30 -33 -35 -39  -42 -47 -47 -43 -43 -42 -40 -38
19  -39 -43 -41 -37 -29 -29 -34 -39  -36 -33 -29 -37 -42 -43 -44 -42  -41 -48 -48 -56 -59 -63 -61 -69
20  -62 -58 -57 -57 -53 -48 -38 -26  -18 -23 -26 -24 -23 -23 -21 -18  -14 -14 -11  -8  -8  -7  -4   0

21   -3 -14 -24 -24 -32 -37 -24 -16  -33 -31 -22 -12  -6 -29 -39 -35  -35 -34 -43 -47 -35 -36 -33 -32
22  -33 -35 -43 -41 -33 -28 -28 -24  -20 -21 -17 -16 -17 -17 -14 -13  -15 -21 -19 -19 -25 -31 -29 -26
23  -23 -19 -19 -24 -20 -14  -6  -5   -4  -8 -12 -13 -11 -11  -9 -10  -11 -13 -15 -15 -12 -10 -10 -12
24  -19 -14  -6 -11 -11  -7  -4  -7  -16 -14 -16 -22 -18 -25 -28 -24  -23 -23 -25 -27 -29 -27 -23 -19
25  -20 -15 -13 -13 -10  -8  -6  -7   -6  -3  -3  -6  -6  -6  -3  -4   -5  -9 -10 -13 -12 -12 -14 -14

26  -11  -6  -3  -2  -1  -1   4   4    4   2   1  -2  -4  -4  -2  -4   -6  -6  -4  -8  -7  -5  -5  -6
27   -6   1   5   1  -3   1   3   0    1   3   2   0  -1   0   5   7    5   6   0  -1   0  -2  -2  -3
28   -6   1   7   8   9   8   8   8    9   8   7  10   7   7   5   5    4   6   6   3   4   2   3   6
29    9  13  14  11  12  13   8  12   10   5   4   4  10  12  10  12   15  13  12  11   9   8  10   8
30    4  -2  -7  -6  -6 -12 -15 -13  -14  -7   2   1  -1  -2  -5   1    8   7   8  10   8  11   3  13