AEALAOAU    250427E00AE QUICKLK       64    67    65    64    62    63    66    69    73    75    78    80    82    85    84    83    84    86    89    89    88    87    88    81    79    82    81    79    78    77    74    76    78    78    77    77    76    75    74    74    73    72    70    70    71    71    69    67    72    76    76    77    79    76    76    77    76    79    80    80    76
AEALAOAU    250427E01AE QUICKLK       81    83    80    82    83    84    85    86    85    82    81    81    82    81    82    82    83    84    84    82    82    80    80    81    81    80    80    79    79    82    86    87    85    81    80    77    76    77    79    80    85    88    89    93    95    93    94    95    92    92    97   100    99   100   100   101   101   101   100   100    86
AEALAOAU    250427E02AE QUICKLK      101    98    93    91    89    88    87    88    88    89    90    87    86    86    86    86    85    86    89    90    90    91    90    89    88    88    86    85    85    82    81    79    78    78    79    76    77    77    75    72    80    80    81    81    81    81    81    81    81    82    83    83    84    85    87    87    87    86    87    88    85
AEALAOAU    250427E03AE QUICKLK       88    88    91    93    98   103   107   113   118   115   116   119   120   125   131   130   127   124   124   126   129   141   148   147   146   149   156   157   153   149   151   152   153   159   161   164   162   165   168   169   172   178   183   181   182   178   177   173   168   167   178   182   181   177   167   171   175   180   194   199   148
AEALAOAU    250427E04AE QUICKLK      200   201   205   207   206   208   213   221   225   241   240   221   228   257   263   252   243   259   256   278   281   264   277   266   270   262   272   279   264   249   247   245   231   233   224   247   234   230   220   216   223   225   227   223   229   242   250   260   265   261   267   282   278   256   252   264   271   268   264   258   245
AEALAOAU    250427E05AE QUICKLK      259   259   258   246   236   249   251   264   293   317   326   339   341   333   327   315   290   264   243   233   218   204   196   194   195   188   176   156   150   146   137   143   156   156   151   159   166   177   177   173   186   206   229   247   253   260   254   240   235   227   225   216   213   205   198   191   183   177   172   164   222
AEALAOAU    250427E06AE QUICKLK      155   159   148   135   141   141   138   137   143   143   142   140   141   147   146   147   154   151   146   140   158   169   166   162   165   158   158   155   155   150   154   159   160   155   144   140   134   131   126   124   130   131   121   116   119   120   123   124   126   123   122   124   125   122   119   131   143   150   154   159   142
AEALAOAU    250427E07AE QUICKLK      158   157   155   158   157   143   134   124   120   115   109   103   104   109   100    88    86    90    92    88    85    77    75    84    92    93    88    84    82    75    71    77    79    79    73    77    76    71    64    71    82    91    97   105   112   114   108   104   106   104   105   114   124   128   128   121   112   105    97    92   102
AEALAOAU    250427E08AE QUICKLK       91   110   105    93    79    78    80    86    93    89    89    90    92    99   104   100    97    93    91    88    86    83    84    80    76    81    88    96    96    92    95    98   105   101    95    91    91    90    88    89    87    82    78    76    73    75    76    76    76    75    75    72    71    74    76    80    81    80    76    75    86
AEALAOAU    250427E09AE QUICKLK       75    76    78    79    79    78    75    78    81    83    77    77    77    77    78    78    80    78    76    76    78    81    83    83    80    80    81    78    75    72    72    74    77    80    81    81    87    84    81    77    77    77    80    78    74    72    71    72    73    74    76    78    78    75    74    75    75    75    74    73    77
AEALAOAU    250427E10AE QUICKLK       74    73    75    77    77    76    74    75    77    78    79    78    79    79    79    76    73    74    74    73    75    72    73    78    81    80    79    78    82    81    81    84    87    86    91    92    90    89    82    81    79    79    80    81    84    80    75    75    72    68    65    63    61    61    63    62    63    64    66    67    76
AEALAOAU    250427E11AE QUICKLK       67    68    69    69    70    70    70    73    74    76    77    76    75    76    74    73    74    77    78    81    83    81    82    82    79    79    84    87    88    88    89    90    90    87    85    79    75    69    66    66    70    69    70    73    73    75    77    79    78    75    70    65    70    78    85    83    85    90    95   100    78
AEALAOAU    250427E12AE QUICKLK      101    97    86    75    68    60    54    55    58    61    62    61    62    63    63    65    67    68    76    84    88    90    91    89    87    91    93    99   102   102   105   108   114   122   131   134   136   134   126   107    93    79    65    51    45    47    50    50    51    50    50    56    58    60    57    56    57    60    61    61    78
AEALAOAU    250427E13AE QUICKLK       62    60    60    59    57    55    55    53    54    54    53    52    53    53    50    49    47    47    49    51    51    52    53    53    54    55    52    49    52    54    55    56    58    59    60    60    63    64    64    64    64    63    62    62    60    58    59    60    58    54    54    57    58    59    58    57    58    57    55    55    56
AEALAOAU    250427E14AE QUICKLK       56    56    57    57    57    58    59    60    59    56    56    55    55    56    55    55    55    56    57    57    57    59    60    58    59    59    60    60    60    61    62    63    64    65    64    67    69    72    74    73    73    74    77    75    75    77    78    78    81    84    86    88    90    87    84    79    77    75    74    71    66
AEALAOAU    250427E15AE QUICKLK       69    70    75    81    87    92    93    93    91    85    80    84    89    92    94    96    97   102   106   103   101   101   106   110   109   109   109   109   114   118   119   117   119   122   132   137   136   138   134   132   135   145   138   126   118   117   124   132   130   134   136   138   142   147   150   148   143   143   151   166   115
AEALAOAU    250427E16AE QUICKLK      179   191   207   211   203   195   186   173   172   173   182   184   185   179   167   149   145   135   127   130   133   132   132   131   139   140   139   140   137   131   126   129   139   155   170   156   140   136   129   126   123   121   121   121   129   133   132   124   116   118   124   124   133   141   148   151   153   151   145   139   148
AEALAOAU    250427E17AE QUICKLK      135   146   156   157   157   158   166   169   169   166   152   155   154   156   158   154   149   145   146   149   146   142   142   139   137   138   142   147   155   155   163   162   164   166   165   163   161   164   170   175   177   176   176   178   181   182   185   183   182   193   204   219   238   251   267   279   279   274   258   249   175
AEALAOAU    250427E18AE QUICKLK      261   293   328   344   343   340   332   327   327   323   319   312   298   291   289   276   271   258   209   178   179   182   174   173   186   193   201   210   232   264   267   227   219   221   224   223   223   218   207   205   198   198   192   194   205   218   223   221   217   216   222   225   224   221   210   200   200   195   182   171   238
AEALAOAU    250427E19AE QUICKLK      163   165   164   162   154   150   151   146   145   141   131   128   128   131   136   145   157   164   166   161   165   183   191   184   180   180   181   186   170   157   166   163   159   164   166   182   177   173   161   144   149   133   133   129   126   127   123   119   113   109   106   107   107   105   104   103   100   102   104   105   145
AEALAOAU    250427E20AE QUICKLK      103   101   102   102    99    96    96    93    97    93    89    89    90    94    98    97    85    86    89    97   101   107   126   127   138   140   136   145   173   154   112   111   128   130   121   122   123   129   122   108    97    93    92    90    90    91    93    72    76    81    85    86   110   106   103   101   101   102   101   100   105
AEALAOAU    250427E21AE QUICKLK       98    95    92    90    91    91    92    98   102   104    99    94    90    90    93    93    95    95    92    88    83    83    83    84    86    87    87    85    86    89    88    88    88    88    90    91    94    95    95    98    96    93    94    96    97   100   101   101   102   100    97    94    93    87    86    89    87    86    88    87    92
AEALAOAU    250427E22AE QUICKLK       86    83    84    88    58    57    57    88    88    85    83    88    89    89    89    92    95    96    96    59    58    61    61    63    68    68    71    84   128   128   124   123   128   130   121   113   110   105    99    94    94   101   101    98    99   102   110   113   109   113   120   121   122   120   115   107   104   104   103    96    96
AEALAOAU    250427E23AE QUICKLK       92    90    85    80    79    78    79    78    74    73    74    76    72    72    74    75    57    58    61    63    68    74    84    89    99   102    97    95    98   103   124   133   140   145   154   165   182   193   202   204   212   214   211   218   218   214   207   201   200   202   208   218   231   243   230   243   238   234   237   245   141
