AEALAOAU    250429E00AE QUICKLK       51    54    55    55    54    52    53    57    60    59    56    56    57    60    64    63    60    59    59    61    63    63    62    61    63    61    61    60    60    58    58    59    59    59    60    60    60    59    60    61    60    61    62    61    63    63    63    62    61    62    64    63    65    65    65    64    64    65    67    67    60
AEALAOAU    250429E01AE QUICKLK       67    65    64    65    65    66    67    66    66    66    66    67    67    68    69    69    69    68    68    68    68    68    68    67    66    66    66    67    67    67    69    70    70    70    69    68    68    67    65    65    65    66    67    69    70    67    65    63    65    66    72    73    74    72    68    66    65    67    69    72    67
AEALAOAU    250429E02AE QUICKLK       73    73    73    74    74    75    75    73    72    72    75    76    76    72    70    69    70    71    73    75    73    73    71    71    70    70    71    70    71    71    72    71    74    76    77    76    75    75    76    76    75    74    74    77    78    78    78    76    74    75    78    78    79    79    79    77    77    77    78    78    74
AEALAOAU    250429E03AE QUICKLK       80    81    80    80    79    78    78    80    81    81    82    81    81    79    80    81    83    83    82    81    80    79    79    81    81    79    77    76    75    73    88    86    90    87    82    74    71    70    72    73    75    77    77    75    73    73    74    76    77    77    79    80    80    80    80    81    81    82    82    83    79
AEALAOAU    250429E04AE QUICKLK       80    80    80    80    77    76    80    78    76    76    79    82    83    81    79    78    77    74    74    76    75    72    71    74    73    72    72    76    76    73    74    76    76    73    73    77    76    74    73    74    75    72    70    73    75    72    72    74    73    70    73    76    72    68    72    73    69    67    70    71    75
AEALAOAU    250429E05AE QUICKLK       70    70    70    68    63    69    72    83    88    87    83    86   106   114   110   125   129   145   154   162   171   183   192   197   195   197   198   196   202   202   209   211   203   196   185   173   164   160   162   164   160   161   166   172   177   185   198   204   210   225   234   236   232   237   243   243   241   245   250   251   166
AEALAOAU    250429E06AE QUICKLK      254   270   279   281   272   283   276   252   248   238   215   186   176   165   154   152   148   144   136   123   118   120   124   127   121   112   112   109   109   104    95    97    95    95    96   118   139   146   156   177   193   203   240   248   264   281   282   260   263   275   241   242   219   187   165   160   143   127   120   128   181
AEALAOAU    250429E07AE QUICKLK      127   121   114   116   139   155   174   166   158   151   154   148   163   170   192   207   221   233   249   266   281   281   285   299   315   324   351   350   342   338   335   341   350   355   354   352   354   361   361   346   333   332   324   320   321   319   307   293   282   278   278   273   272   268   277   292   293   278   260   256   266
AEALAOAU    250429E08AE QUICKLK      251   238   227   226   221   204   189   193   197   204   206   220   244   259   263   263   267   272   268   255   245   234   237   238   231   223   209   203   193   186   184   182   184   183   179   191   198   204   215   224   232   234   232   230   225   230   238   236   230   223   222   215   217   219   219   222   220   230   238   233   223
AEALAOAU    250429E09AE QUICKLK      225   206   191   183   178   167   160   153   154   149   144   128   118   113   117   112   109   107   106    92    81    77    75    76    83   114   158   180   165   158   153   156   171   188   211   211   189   167   157   138   115    97    80    75    69    68    69    71    75    84    94   105   112   113   112   109   105   104   101   100   128
AEALAOAU    250429E10AE QUICKLK       95    91    90    84    82    78    74    71    72    68    68    64    59    59    59    60    60    67    80    85    98   103   101   101   105   110   120   141   159   163   157   141   117   109   117   124   130   135   141   147   150   151   153   155   163   168   160   150   149   149   146   145   131   116   112   102    98    95   123   149   113
AEALAOAU    250429E11AE QUICKLK      160   145   114    95    88    95   100   102   108   102   103   103   109   113   108   104   100   101   103    99    98    99    95    94   109   113   101   106    94   102   103   102    98   110   108   108    96    93    89    83    87    95    91    86    82    79    70    69    64    59    61    61    68    76    71    66    66    68    69    78    94
AEALAOAU    250429E12AE QUICKLK       81    83    89    94    93    99    99    94    95   101   113   119   127   129   131   129   117   110    99    89    80    78    90    99   110   111    95    79    72    75    80    79    72    70    78    94   104   103    98    96    95    91    83    76    75    76    81    91    95    94    85    78    68    67    66    72    72    72    69    64    90
AEALAOAU    250429E13AE QUICKLK       60    59    63    64    64    63    68    71    70    63    56    59    55    49    49    57    67    73    71    83    92    91    88    76    53    48    49    50    53    53    63    68    70    71    75    82    89    88    86    83    77    71    71    75    79    80    79    73    82    81    71    64    65    64    68    68    71    76    78    77    69
AEALAOAU    250429E14AE QUICKLK       73    71    72    73    75    74    74    71    72    72    72    72    70    68    67    70    69    65    61    58    59    59    57    57    56    54    52    51    47    44    46    48    52    53    54    55    57    59    58    58    56    57    58    55    53    54    57    54    53    53    53    50    53    54    56    55    62    75    74    69    60
AEALAOAU    250429E15AE QUICKLK       70    71    73    72    72    82    84    85    86    84    80    78    79    74    70    70    71    74    74    68    62    61    59    57    55    54    58    64    63    57    50    52    54    58    59    56    56    54    59    63    62    59    57    58    63    64    63    61    60    62    64    63    63    63    63    64    66    66    65    60    65
AEALAOAU    250429E16AE QUICKLK       60    60    62    63    65    69    66    64    65    67    70    70    71    71    73    73    74    74    76    77    79    80    80    80    81    83    89    96    98    99   102   106   102   103    99    97    96    87    78    79    76    73    68    67    70    77    86    93    87    79    77    74    73    72    64    80    95   111   115   113    81
AEALAOAU    250429E17AE QUICKLK      107   106   108   117   122   117   118   118   115   110   113   116   120   123   124   122   118   106    94    92    89    86    84    84    87    87    86    81    78    81    84    89    87    86    86    87    92    95    90    93    91    90    94    96   100   102   103   101   102   100   100    99    98   100    97    95    98    97    93    90    99
AEALAOAU    250429E18AE QUICKLK       90    88    89    90    91    91   109   118   105    95    93    97   104   110   114   116   118   119   115   109   102    95    86    89    93   100   106   111   121   130   125   116   117   125   126   127   118   104    95    95    92    91    89    88    89    91    94    94    95    93    95    97   101   104   102    98    98    96   100   102   103
AEALAOAU    250429E19AE QUICKLK      101   100    94    91    87    87    82    84    89    90   100    91    93    94    94    91    90    91    94    97   102   100   104   104   101    91    85    82    83    93    93    89    88    90   100   101    98   110    94    89    92    94    91    89    82    77    79    83    88    94    99    94    94    95    90    86    84    83    83    81    92
AEALAOAU    250429E20AE QUICKLK       80    77    77    77    81    86    84    85    85    88    83    81    85    84    86    84    86    93   124   135   143   150   144   145   151   149   156   170   148   102    79    75    70    70    75    78    81    81    83    84    84    84    83    84    83    81    84    88    89    94    97    96    91    97    86    70    72    72    74    66    95
AEALAOAU    250429E21AE QUICKLK       65    64    64    63    61    58    56    55    51    51    57    60    57    54    62    70    65    63    71    77    76    65    61    62    65    69    71    72    72    71    68    67    64    67    63    62    57    57    57    55    56    55    58    58    59    58    54    51    58    58    60    57    52    51    52    54    57    57    55    54    61
AEALAOAU    250429E22AE QUICKLK       54    53    55    58    56    51    53    54    58    55    54    54    52    49    49    47    50    51    52    55    59    58    59    60    60    58    59    59    55    54    53    48    49    47    49    50    50    50    45    46    49    47    48    52    52    51    51    50    48    51    51    50    49    52    55    57    58    59    61    65    53
AEALAOAU    250429E23AE QUICKLK       66    66    67    70    70    69    66    63    60    58    59    59    61    63    62    61    60    58    57    58    57    57    58    55    54    55    57    57    56    56    59    66    70    72    72    67    66    64    65    71    75    75    71    68    68    70    73    74    67    68    79    92    98    98    94    89    88    90    93    97    69
