AEALAOAU    250428E00AE QUICKLK      224   238   256   269   277   278   284   291   289   290   295   294   296   303   295   289   284   286   282   282   291   297   299   304   300   292   281   267   251   245   239   240   223   210   200   193   186   184   174   169   155   149   140   141   139   129   109    95    80    84    92    99   103   102    95    89    67    58    55    59   208
AEALAOAU    250428E01AE QUICKLK       82    64    55    48    54    58    56    50    43    38    36    38    42    46    47    48    49    49    49    47    44    42    42    44    39    38    40    47    47    47    47    44    40    39    41    47    52    56    56    59    57    56    55    56    61    61    60    64    66    68    76    82    81    73    62    61    62    63    66    71    54
AEALAOAU    250428E02AE QUICKLK       79    79    83    91   112   109    81    74    72    70    79    75    77    74    74    71    71    73    73    81    85    82    77    73    75    77    83    85    82    76    70    68    69    68    65    67    66    66    65    64    61    62    60    61    63    63    65    67    65    66    68    69    69    71    72    71    73    75    77    76    74
AEALAOAU    250428E03AE QUICKLK       78    79    78    76    74    73    74    75    81    77    77    81    85    84    84    82    80    81    81    81    81    83    83    82    81    78    77    77    79    79    78    78    77    78    79    79    79    79    78    78    77    77    78    77    77    76    75    74    74    75    76    76    76    75    74    72    72    73    74    76    78
AEALAOAU    250428E04AE QUICKLK       77    78    78    78    78    76    76    77    76    76    75    76    77    76    75    75    73    72    73    73    75    75    75    75    74    72    71    72    72    72    72    72    70    69    68    69    71    69    69    70    69    68    69    70    70    70    69    68    67    65    68    67    68    71    71    69    68    65    63    63    72
AEALAOAU    250428E05AE QUICKLK       64    64    64    64    62    62    63    62    65    65    67    67    70    72    71    73    73    73    72    71    70    68    66    64    60    56    50    47    46    48    47    47    47    46    45    47    50    52    51    51    51    50    53    53    55    54    54    55    55    54    56    57    59    60    57    54    52    54    56    56    58
AEALAOAU    250428E06AE QUICKLK       55    53    54    56    57    57    58    58    58    58    57    57    54    51    52    53    51    51    50    49    49    49    49    49    50    50    49    49    49    49    50    48    48    48    49    48    54    54    58    61    64    62    59    60    73    67    68    63    55    58    52    54    60    59    62    61    57    55    58    60    55
AEALAOAU    250428E07AE QUICKLK       66    71    69    68    65    61    61    63    62    63    61    60    58    56    55    56    54    56    57    53    51    54    53    52    54    54    54    56    57    57    55    56    59    60    60    62    63    65    66    66    66    67    65    65    66    67    68    69    69    68    66    68    66    65    67    67    68    70    71    72    62
AEALAOAU    250428E08AE QUICKLK       71    69    65    63    63    62    63    63    64    64    64    63    61    62    64    65    66    66    66    67    66    65    64    63    62    61    62    63    63    61    61    60    59    60    62    58    57    58    57    56    56    57    58    57    58    58    59    60    60    61    62    63    63    64    64    65    64    66    66    67    62
AEALAOAU    250428E09AE QUICKLK       65    66    67    66    67    67    67    68    67    67    67    66    66    67    67    67    68    70    69    69    69    69    70    72    72    68    63    60    56    53    51    52    52    54    53    54    71    84    89    94   106   115   117   109    98    93    92    91    83    75    69    67    66    66    60    65    73    75    72    72    72
AEALAOAU    250428E10AE QUICKLK       70    70    69    68    66    67    69    71    71    72    71    70    70    69    68    66    64    63    63    63    62    60    62    65    63    66    64    62    66    65    58    56    51    48    46    46    47    47    47    46    44    44    45    45    46    46    51    55    58    61    60    56    54    56    58    56    58    59    58    55    59
AEALAOAU    250428E11AE QUICKLK       56    55    52    52    50    53    53    54    53    53    50    49    49    48    49    49    51    54    52    51    50    51    50    52    53    53    54    56    58    59    58    57    54    49    51    49    52    53    55    64    72    75    71    63    62    66    75    79    79    78    74    72    75    76    78    78    78    81    82    73    60
AEALAOAU    250428E12AE QUICKLK       75    76    77    85    92    94    89    87    88    92    90    85    79    81    85    88    90    88    82    79    79    82    86    86    83    76    73    77    82    84    88    88    89    94   104   113   103   106   105    93    89    99   107   116   123   134   140   127   127   122   106    91    87    88    87    89    92    91    91    93    93
AEALAOAU    250428E13AE QUICKLK      107   107    94    86    79    73    68    66    73    79    78    74    72    72    74    75    75    79    80    84    83    82    78    80    86    84    86    89    82    81    83    84    88    93    93    89    85    83    82    82    87    89    92    87    80    76    69    62    59    56    56    58    62    63    62    61    61    60    60    60    77
AEALAOAU    250428E14AE QUICKLK       59    56    54    52    52    52    52    53    53    52    52    52    52    53    53    53    53    54    55    55    55    55    55    55    54    54    54    54    53    53    52    53    52    53    51    52    52    51    51    51    51    52    51    51    51    53    52    52    53    53    53    53    52    52    53    53    53    53    53    53    53
AEALAOAU    250428E15AE QUICKLK       53    53    52    53    54    53    54    54    53    53    52    50    50    50    49    49    50    50    51    52    53    55    56    55    54    55    55    55    56    57    55    56    56    56    55    56    56    56    58    59    58    59    59    58    55    54    55    55    55    56    57    59    60    60    61    61    61    61    59    58    55
AEALAOAU    250428E16AE QUICKLK       58    59    61    60    59    58    58    60    61    62    64    63    64    63    63    63    66    68    67    65    65    65    66    68    70    70    70    66    65    66    67    69    70    70    71    70    69    70    71    71    73    75    78    79    81    82    82    82    82    84    84    86    87    85    86    84    83    81    79    78    71
AEALAOAU    250428E17AE QUICKLK       78    78    76    75    74    74    76    78    77    74    70    67    68    68    71    72    70    69    72    72    73    71    74    76    74    64    63    63    65    66    67    64    61    60    62    62    61    62    64    60    59    59    60    63    63    63    64    66    67    68    67    64    64    65    63    65    64    63    62    61    67
AEALAOAU    250428E18AE QUICKLK       62    62    63    61    63    65    66    68    67    65    63    64    65    66    65    62    62    61    62    64    63    60    58    57    60    62    61    60    60    59    61    61    62    61    64    63    65    65    66    70    73    74    71    69    67    68    69    72    73    77    76    75    74    74    77    80    78    76    75    75    66
AEALAOAU    250428E19AE QUICKLK       75    74    70    68    68    67    67    66    68    67    66    68    78    82    83    80    76    77    80    83    77    69    63    61    57    54    54    56    58    62    67    67    66    66    68    71    72    74    75    76    77    78    79    78    77    77    76    74    74    73    71    69    67    65    65    64    62    61    61    62    70
AEALAOAU    250428E20AE QUICKLK       62    60    58    57    58    60    60    62    62    63    65    66    65    65    66    69    69    68    64    59    58    57    55    54    54    52    51    50    50    53    58    60    60    60    60    58    59    61    61    63    63    63    63    63    64    66    65    64    65    68    75    77    78    80    79    77    74    75    80    84    64
AEALAOAU    250428E21AE QUICKLK       89    91    84    77    72    72    74    77    75    64    63    65    65    66    68    64    61    55    52    55    54    57    52    55    56    57    64    64    64    65    67    69    73    73    75    74    75    74    72    71    70    69    68    68    67    66    66    64    63    60    59    61    62    63    64    65    65    64    62    60    66
AEALAOAU    250428E22AE QUICKLK       59    59    61    62    63    66    67    66    66    64    64    64    63    63    62    60    57    55    52    51    52    56    58    60    61    64    62    61    60    62    64    64    62    63    72    66    60    59    60    57    52    52    50    51    54    53    53    53    54    58    62    61    60    59    60    58    55    52    51    53    59
AEALAOAU    250428E23AE QUICKLK       54    55    54    52    51    53    54    54    52    51    53    55    56    55    55    55    55    55    52    53    52    54    54    52    52    51    52    51    51    52    52    51    54    56    56    54    50    50    52    55    57    55    53    51    52    55    57    57    55    54    52    53    51    53    55    57    57    56    54    53    54
