AEALAOAU    250427L00AL QUICKLK      -23   -26   -24   -24   -23   -22   -23   -24   -27   -27   -27   -29   -30   -32   -31   -30   -31   -32   -34   -35   -35   -34   -36   -32   -31   -33   -32   -30   -31   -31   -29   -30   -31   -31   -31   -32   -32   -32   -32   -32   -32   -31   -30   -30   -29   -28   -26   -24   -26   -29   -28   -28   -30   -28   -28   -30   -29   -31   -32   -31   -30
AEALAOAU    250427L01AL QUICKLK      -32   -34   -32   -33   -34   -34   -34   -35   -34   -32   -32   -32   -32   -31   -32   -32   -33   -34   -35   -33   -33   -33   -33   -34   -34   -33   -33   -32   -32   -33   -36   -37   -36   -34   -34   -32   -30   -31   -33   -34   -38   -39   -38   -41   -43   -40   -41   -42   -39   -38   -41   -43   -43   -45   -46   -47   -47   -46   -46   -46   -36
AEALAOAU    250427L02AL QUICKLK      -44   -42   -40   -38   -37   -37   -36   -37   -37   -38   -39   -37   -36   -36   -36   -36   -35   -36   -39   -40   -40   -41   -40   -39   -39   -39   -38   -38   -40   -39   -39   -38   -38   -38   -39   -38   -38   -38   -37   -35   -35   -35   -36   -37   -37   -37   -37   -37   -37   -38   -39   -38   -39   -40   -42   -42   -42   -42   -43   -44   -38
AEALAOAU    250427L03AL QUICKLK      -44   -44   -46   -47   -48   -49   -50   -50   -51   -52   -51   -50   -50   -51   -50   -49   -49   -48   -47   -48   -48   -54   -58   -51   -48   -49   -51   -50   -50   -48   -50   -47   -46   -50   -50   -51   -47   -46   -46   -46   -49   -53   -53   -47   -46   -41   -40   -41   -39   -40   -41   -42   -40   -39   -38   -40   -41   -40   -43   -39   -47
AEALAOAU    250427L04AL QUICKLK      -38   -38   -38   -40   -40   -40   -39   -39   -40   -55   -49   -36   -49   -72   -82   -84   -79   -97  -102  -126  -126  -106  -116  -110  -116  -114  -126  -133  -121  -106   -93   -93   -89   -91   -77   -85   -70   -71   -70   -67   -68   -70   -76   -73   -75   -80   -84   -93   -96   -90   -84   -84   -77   -68   -62   -69   -73   -67   -60   -55   -78
AEALAOAU    250427L05AL QUICKLK      -62   -69   -67   -60   -50   -62   -63   -69   -77   -84   -88   -93   -95   -86   -82   -84   -75   -66   -57   -54   -49   -50   -56   -58   -59   -62   -58   -50   -51   -47   -45   -47   -55   -54   -49   -52   -54   -55   -53   -53   -60   -64   -72   -80   -77   -71   -63   -57   -52   -43   -40   -36   -34   -28   -23   -21   -21   -25   -22   -19   -57
AEALAOAU    250427L06AL QUICKLK      -13   -13    -6    -2    -7    -7    -9   -12   -18   -24   -21   -16   -19   -20   -16   -15   -23   -21   -19   -15   -33   -39   -34   -30   -31   -28   -28   -21   -21   -18   -21   -25   -27   -24   -16   -18   -18   -19   -19   -20   -26   -30   -26   -23   -24   -25   -27   -26   -24   -23   -22   -22   -22   -22   -22   -27   -32   -37   -38   -37   -22
AEALAOAU    250427L07AL QUICKLK      -30   -30   -34   -36   -35   -30   -27   -23   -21   -16   -13   -14   -20   -24   -17   -13   -16   -22   -24   -28   -29   -30   -33   -38   -38   -39   -38   -33   -30   -27   -26   -25   -25   -31   -34   -36   -33   -31   -26   -27   -30   -35   -43   -52   -56   -57   -52   -48   -45   -49   -52   -55   -59   -64   -66   -64   -56   -48   -45   -43   -35
AEALAOAU    250427L08AL QUICKLK      -46   -58   -57   -50   -39   -38   -40   -45   -50   -46   -46   -47   -51   -57   -62   -61   -57   -51   -48   -43   -39   -36   -38   -35   -29   -32   -40   -49   -50   -48   -50   -53   -58   -56   -50   -47   -46   -44   -43   -44   -42   -39   -36   -35   -32   -32   -32   -32   -31   -30   -30   -28   -28   -30   -32   -36   -37   -35   -31   -29   -42
AEALAOAU    250427L09AL QUICKLK      -28   -28   -30   -31   -31   -30   -26   -28   -31   -32   -27   -28   -29   -30   -30   -32   -33   -32   -31   -31   -33   -34   -37   -37   -35   -35   -35   -33   -30   -28   -29   -31   -34   -36   -37   -37   -42   -38   -35   -31   -31   -31   -33   -31   -28   -26   -26   -27   -28   -29   -30   -32   -31   -28   -26   -26   -26   -26   -25   -24   -31
AEALAOAU    250427L10AL QUICKLK      -25   -24   -24   -25   -24   -22   -20   -21   -22   -23   -24   -23   -23   -23   -23   -20   -17   -17   -16   -16   -16   -14   -14   -18   -21   -22   -20   -18   -21   -19   -16   -18   -19   -18   -22   -23   -23   -23   -20   -21   -22   -24   -26   -27   -29   -25   -21   -23   -23   -23   -22   -20   -19   -20   -22   -22   -22   -24   -26   -27   -21
AEALAOAU    250427L11AL QUICKLK      -27   -28   -29   -29   -29   -29   -29   -31   -32   -33   -34   -33   -32   -33   -32   -31   -32   -34   -35   -37   -39   -39   -39   -38   -35   -34   -36   -36   -33   -29   -27   -25   -23   -21   -21   -20   -19   -18   -15   -14   -14   -10   -10   -13   -13   -14   -18   -20   -21   -21   -20   -19   -23   -27   -26   -24   -29   -32   -30   -27   -27
AEALAOAU    250427L12AL QUICKLK      -27   -27   -23   -18   -17   -18   -18   -18   -19   -21   -21   -21   -22   -23   -23   -23   -23   -22   -22   -22   -21   -20   -20   -19   -19   -19   -18   -20   -22   -23   -25   -27   -30   -31   -31   -29   -31   -32   -30   -22   -21   -22   -22   -22   -23   -24   -26   -26   -27   -27   -27   -28   -29   -31   -32   -32   -31   -32   -33   -32   -24
AEALAOAU    250427L13AL QUICKLK      -32   -31   -32   -33   -32   -30   -30   -30   -31   -30   -30   -29   -31   -32   -30   -29   -28   -29   -28   -28   -27   -28   -28   -28   -28   -29   -29   -29   -32   -33   -32   -31   -31   -31   -31   -31   -32   -31   -31   -31   -30   -28   -27   -27   -26   -24   -25   -28   -28   -26   -26   -28   -28   -28   -28   -27   -27   -27   -26   -26   -29
AEALAOAU    250427L14AL QUICKLK      -26   -27   -27   -27   -27   -27   -27   -27   -26   -26   -26   -25   -25   -26   -25   -25   -25   -26   -27   -26   -25   -24   -23   -22   -24   -24   -23   -22   -23   -23   -22   -21   -21   -22   -22   -23   -25   -26   -27   -25   -25   -27   -30   -29   -29   -31   -31   -31   -33   -35   -35   -36   -38   -38   -38   -36   -38   -39   -38   -35   -28
AEALAOAU    250427L15AL QUICKLK      -31   -31   -34   -40   -46   -54   -56   -54   -51   -45   -38   -39   -39   -39   -39   -38   -37   -41   -45   -42   -41   -43   -48   -51   -50   -51   -53   -54   -54   -55   -56   -54   -55   -58   -63   -64   -63   -65   -63   -61   -61   -64   -59   -55   -52   -50   -50   -53   -53   -57   -56   -56   -58   -57   -57   -57   -54   -56   -63   -73   -51
AEALAOAU    250427L16AL QUICKLK      -84  -102  -118  -124  -116  -103   -91   -84   -85   -88   -97   -98  -101   -99   -91   -76   -72   -66   -63   -69   -73   -73   -76   -80   -88   -88   -85   -87   -87   -84   -78   -80   -88   -93   -97  -101   -99   -97   -90   -83   -80   -82   -85   -82   -88   -92   -92   -82   -73   -74   -77   -74   -79   -86   -92   -95   -95   -91   -85   -77   -87
AEALAOAU    250427L17AL QUICKLK      -72   -79   -85   -85   -84   -84   -90   -91   -91   -90   -77   -79   -76   -77   -78   -78   -76   -73   -71   -71   -68   -63   -61   -57   -53   -52   -53   -54   -57   -56   -64   -63   -64   -64   -62   -61   -60   -62   -64   -65   -64   -62   -61   -61   -61   -58   -56   -50   -46   -52   -60   -71   -86   -97  -113  -126  -129  -126  -112  -101   -73
AEALAOAU    250427L18AL QUICKLK     -115  -149  -183  -198  -199  -196  -190  -189  -194  -194  -194  -188  -175  -169  -170  -158  -153  -140   -91   -61   -62   -64   -61   -65   -79   -86   -95  -110  -118  -121  -121  -119  -122  -127  -133  -134  -132  -128  -121  -117  -106  -105  -106  -112  -122  -131  -134  -130  -129  -134  -140  -143  -142  -140  -132  -122  -120  -117  -107   -96  -131
AEALAOAU    250427L19AL QUICKLK      -88   -91   -88   -87   -84   -78   -75   -74   -70   -66   -62   -62   -62   -62   -66   -69   -73   -76   -79   -79   -80   -81   -80   -76   -74   -77   -77   -84   -73   -65   -74   -80   -82   -89   -89   -95   -88   -87   -83   -78   -78   -68   -66   -64   -64   -65   -60   -56   -50   -47   -45   -45   -44   -42   -42   -42   -40   -43   -44   -44   -69
AEALAOAU    250427L20AL QUICKLK      -40   -37   -37   -38   -35   -32   -33   -31   -33   -33   -31   -27   -25   -28   -30   -29   -28   -30   -32   -37   -38   -42   -43   -41   -50   -52   -49   -58   -81   -65   -27   -28   -49   -50   -36   -33   -38   -46   -43   -28   -18   -19   -19   -18   -19   -20   -21   -22   -24   -27   -31   -34   -38   -37   -34   -33   -33   -33   -31   -31   -35
AEALAOAU    250427L21AL QUICKLK      -29   -27   -25   -24   -24   -24   -25   -27   -28   -29   -28   -27   -26   -26   -27   -27   -29   -29   -28   -26   -23   -24   -24   -24   -24   -24   -24   -23   -23   -24   -23   -23   -23   -24   -26   -27   -29   -29   -29   -32   -32   -30   -32   -34   -34   -35   -35   -36   -37   -37   -35   -33   -31   -27   -28   -29   -27   -26   -26   -26   -28
AEALAOAU    250427L22AL QUICKLK      -26   -24   -24   -26   -26   -26   -26   -25   -25   -24   -23   -23   -24   -24   -24   -28   -31   -31   -29   -29   -28   -29   -30   -32   -35   -34   -37   -48   -57   -54   -51   -51   -54   -55   -48   -39   -36   -32   -29   -27   -25   -30   -29   -26   -26   -28   -34   -37   -33   -38   -46   -49   -50   -48   -45   -41   -38   -38   -37   -31   -34
AEALAOAU    250427L23AL QUICKLK      -29   -28   -26   -24   -23   -23   -23   -25   -23   -20   -20   -22   -19   -17   -18   -18   -16   -17   -18   -17   -17   -17   -20   -24   -32   -33   -28   -27   -28   -28   -35   -34   -36   -39   -43   -46   -52   -55   -57   -59   -66   -66   -61   -66   -70   -71   -70   -67   -70   -70   -74   -84   -97  -111  -101  -110  -105  -103  -108  -116   -47
