AEALAOAU    250429L00AL QUICKLK      -19   -21   -22   -22   -20   -18   -19   -22   -24   -24   -21   -20   -21   -23   -27   -27   -24   -23   -22   -24   -26   -26   -25   -25   -27   -26   -26   -25   -25   -24   -24   -24   -24   -24   -26   -26   -27   -26   -27   -27   -26   -27   -28   -27   -29   -29   -29   -28   -27   -28   -29   -28   -29   -29   -29   -28   -28   -28   -30   -30   -25
AEALAOAU    250429L01AL QUICKLK      -30   -29   -28   -28   -28   -29   -30   -30   -30   -30   -30   -30   -30   -31   -31   -31   -31   -30   -30   -30   -30   -30   -30   -30   -30   -30   -30   -30   -30   -29   -31   -32   -32   -32   -31   -31   -31   -30   -28   -27   -27   -28   -28   -29   -31   -30   -29   -27   -27   -28   -34   -36   -38   -36   -32   -30   -30   -32   -33   -34   -30
AEALAOAU    250429L02AL QUICKLK      -35   -35   -36   -37   -37   -37   -36   -35   -35   -36   -38   -38   -38   -36   -35   -34   -34   -35   -36   -37   -35   -35   -34   -34   -34   -34   -35   -35   -35   -35   -36   -36   -37   -37   -37   -38   -38   -39   -39   -38   -37   -37   -38   -39   -40   -39   -39   -37   -36   -37   -40   -40   -40   -40   -39   -38   -39   -39   -39   -39   -37
AEALAOAU    250429L03AL QUICKLK      -40   -41   -41   -41   -40   -40   -41   -43   -44   -44   -45   -45   -46   -44   -44   -44   -45   -46   -46   -45   -43   -43   -43   -44   -44   -42   -40   -39   -38   -36   -48   -45   -48   -48   -45   -40   -37   -34   -34   -36   -38   -39   -38   -36   -36   -36   -36   -37   -38   -38   -39   -40   -40   -41   -40   -40   -41   -42   -42   -42   -41
AEALAOAU    250429L04AL QUICKLK      -40   -40   -40   -40   -40   -39   -40   -39   -38   -38   -38   -40   -42   -41   -39   -38   -37   -36   -36   -36   -35   -36   -35   -34   -34   -35   -36   -37   -38   -38   -38   -38   -38   -38   -38   -39   -38   -38   -39   -38   -38   -38   -38   -38   -38   -36   -37   -38   -39   -38   -39   -40   -40   -39   -39   -39   -38   -37   -37   -36   -38
AEALAOAU    250429L05AL QUICKLK      -36   -36   -36   -36   -34   -39   -39   -36   -32   -28   -26   -26   -35   -39   -32   -33   -23   -23   -27   -28   -28   -29   -31   -33   -26   -21   -19   -16   -15   -13   -15   -13   -10    -9    -6    -3     1     1    -1    -1     2     4     1     0    -1    -1    -7   -11   -16   -24   -26   -26   -27   -30   -34   -38   -40   -45   -53   -57   -23
AEALAOAU    250429L06AL QUICKLK      -59   -72   -83   -90   -84   -98   -97   -84   -90   -89   -78   -59   -54   -52   -51   -55   -56   -57   -56   -52   -51   -52   -55   -57   -53   -51   -55   -55   -59   -58   -55   -57   -55   -49   -50   -74   -82   -78   -81  -107  -117  -121  -156  -164  -183  -195  -183  -159  -159  -163  -129  -129  -105   -83   -71   -76   -75   -66   -58   -58   -85
AEALAOAU    250429L07AL QUICKLK      -53   -52   -52   -50   -57   -71   -67   -60   -61   -56   -62   -69   -80   -86   -99  -103  -108  -120  -126  -137  -144  -149  -149  -151  -160  -170  -180  -186  -187  -183  -180  -182  -181  -174  -173  -165  -168  -169  -169  -167  -166  -164  -163  -163  -163  -160  -153  -149  -144  -140  -138  -134  -128  -121  -120  -118  -112  -104   -97  -102  -128
AEALAOAU    250429L08AL QUICKLK     -110  -111  -107  -105  -105  -103  -100  -108  -117  -124  -131  -142  -154  -160  -158  -155  -154  -147  -144  -138  -134  -128  -134  -138  -137  -132  -122  -113  -103   -95   -88   -83   -79   -79   -76   -81   -80   -83   -87   -95  -103  -110  -116  -120  -121  -119  -118  -116  -113  -110  -112  -114  -116  -120  -121  -124  -126  -128  -126  -121  -117
AEALAOAU    250429L09AL QUICKLK     -118  -112  -106  -103  -100   -98   -94   -90   -84   -80   -78   -71   -66   -62   -61   -59   -56   -52   -53   -51   -50   -50   -48   -50   -54   -57   -57   -55   -54   -53   -54   -55   -62   -72   -97   -99   -83   -75   -77   -73   -65   -57   -50   -47   -46   -45   -43   -42   -44   -48   -51   -54   -56   -56   -54   -51   -49   -50   -51   -51   -65
AEALAOAU    250429L10AL QUICKLK      -49   -46   -45   -43   -44   -42   -37   -33   -32   -30   -29   -26   -21   -18   -18   -20   -21   -25   -27   -25   -27   -27   -19   -19   -20   -22   -28   -37   -45   -56   -66   -69   -66   -60   -57   -52   -50   -55   -56   -59   -57   -55   -55   -57   -60   -68   -71   -65   -59   -53   -53   -54   -52   -50   -54   -55   -54   -52   -53   -55   -44
AEALAOAU    250429L11AL QUICKLK      -52   -48   -44   -42   -43   -46   -41   -36   -40   -42   -47   -46   -53   -57   -54   -48   -43   -43   -44   -41   -38   -41   -38   -38   -55   -63   -53   -58   -48   -55   -56   -55   -48   -48   -37   -40   -42   -40   -37   -33   -37   -45   -41   -30   -23   -25   -27   -28   -25   -23   -23   -25   -29   -32   -32   -30   -29   -31   -34   -36   -41
AEALAOAU    250429L12AL QUICKLK      -39   -42   -46   -52   -53   -55   -55   -58   -60   -61   -61   -62   -66   -67   -66   -67   -65   -63   -60   -57   -53   -51   -48   -42   -49   -49   -40   -33   -35   -42   -47   -46   -40   -37   -40   -46   -48   -44   -41   -41   -43   -42   -39   -38   -39   -39   -39   -39   -36   -35   -35   -36   -35   -34   -32   -32   -33   -35   -34   -32   -46
AEALAOAU    250429L13AL QUICKLK      -30   -31   -33   -34   -32   -29   -29   -30   -31   -29   -29   -31   -29   -25   -23   -27   -34   -35   -26   -29   -29   -24   -25   -28   -24   -23   -21   -19   -24   -27   -28   -28   -28   -27   -26   -26   -28   -26   -24   -24   -24   -24   -24   -23   -23   -20   -18   -18   -26   -27   -20   -19   -21   -21   -26   -24   -21   -23   -23   -24   -26
AEALAOAU    250429L14AL QUICKLK      -24   -26   -28   -29   -29   -29   -28   -26   -27   -27   -26   -25   -24   -23   -22   -22   -21   -21   -21   -21   -21   -21   -20   -20   -20   -20   -20   -19   -18   -16   -17   -18   -19   -19   -19   -19   -20   -21   -21   -21   -20   -20   -22   -24   -26   -26   -27   -26   -25   -25   -25   -25   -24   -28   -28   -29   -31   -33   -33   -34   -24
AEALAOAU    250429L15AL QUICKLK      -36   -35   -34   -34   -36   -42   -41   -39   -39   -40   -39   -35   -34   -33   -32   -32   -32   -34   -33   -32   -30   -28   -25   -22   -23   -24   -26   -28   -27   -27   -22   -23   -22   -21   -22   -23   -23   -22   -22   -22   -24   -26   -26   -24   -25   -26   -27   -27   -27   -27   -27   -27   -28   -29   -29   -28   -28   -28   -27   -27   -29
AEALAOAU    250429L16AL QUICKLK      -27   -27   -28   -27   -28   -30   -28   -27   -28   -28   -29   -29   -30   -31   -31   -31   -31   -31   -31   -31   -32   -32   -33   -34   -35   -34   -36   -41   -41   -41   -42   -43   -40   -40   -36   -34   -31   -27   -24   -25   -21   -17   -15   -17   -19   -21   -22   -26   -24   -20   -18   -15   -12   -12   -10   -28   -46   -59   -63   -62   -30
AEALAOAU    250429L17AL QUICKLK      -60   -60   -64   -69   -73   -70   -70   -71   -69   -65   -65   -67   -73   -81   -83   -77   -69   -55   -42   -40   -35   -29   -27   -28   -29   -28   -25   -23   -21   -24   -24   -25   -24   -25   -24   -23   -23   -24   -23   -26   -26   -24   -26   -28   -33   -35   -36   -34   -33   -30   -30   -29   -31   -33   -30   -27   -29   -28   -26   -25   -40
AEALAOAU    250429L18AL QUICKLK      -24   -23   -25   -25   -25   -26   -43   -51   -37   -27   -23   -26   -31   -35   -38   -40   -41   -42   -37   -32   -27   -22   -16   -21   -27   -36   -44   -49   -59   -68   -64   -55   -54   -62   -62   -60   -51   -40   -32   -35   -34   -35   -34   -32   -33   -35   -38   -37   -37   -35   -36   -36   -36   -35   -34   -31   -30   -30   -31   -29   -37
AEALAOAU    250429L19AL QUICKLK      -27   -28   -26   -25   -25   -28   -26   -28   -30   -29   -37   -28   -28   -28   -26   -23   -22   -22   -23   -25   -29   -26   -30   -30   -28   -24   -22   -22   -24   -30   -30   -28   -27   -27   -31   -28   -21   -32   -16   -14   -16   -18   -15   -15   -14   -11   -12   -14   -16   -18   -26   -25   -26   -26   -24   -22   -21   -21   -22   -21   -24
AEALAOAU    250429L20AL QUICKLK      -20   -19   -19   -19   -21   -22   -20   -22   -22   -25   -25   -25   -27   -27   -29   -28   -31   -34   -52   -55   -57   -65   -63   -67   -71   -68   -84  -108   -92   -48   -26   -28   -28   -28   -33   -37   -40   -40   -40   -40   -39   -37   -35   -35   -34   -32   -33   -33   -31   -32   -33   -30   -27   -37   -30   -16   -15   -17   -24   -20   -37
AEALAOAU    250429L21AL QUICKLK      -21   -21   -22   -22   -23   -22   -22   -22   -21   -23   -21   -22   -24   -21   -22   -27   -27   -26   -26   -28   -29   -28   -29   -29   -29   -33   -36   -35   -34   -35   -36   -36   -35   -38   -37   -34   -29   -29   -29   -27   -27   -25   -28   -28   -27   -25   -26   -24   -29   -27   -28   -25   -21   -21   -22   -23   -25   -25   -23   -23   -27
AEALAOAU    250429L22AL QUICKLK      -23   -22   -23   -25   -23   -18   -20   -21   -25   -21   -20   -22   -21   -18   -20   -20   -22   -20   -18   -18   -21   -21   -18   -20   -20   -19   -23   -22   -21   -21   -21   -20   -21   -19   -20   -20   -19   -19   -16   -17   -19   -17   -19   -21   -21   -20   -21   -19   -18   -22   -22   -22   -21   -22   -25   -26   -27   -27   -30   -33   -21
AEALAOAU    250429L23AL QUICKLK      -32   -31   -32   -34   -34   -32   -29   -26   -23   -21   -22   -22   -24   -26   -26   -27   -26   -24   -23   -24   -24   -24   -24   -22   -21   -22   -23   -23   -22   -21   -22   -28   -31   -33   -33   -29   -29   -27   -27   -33   -38   -37   -33   -29   -28   -30   -34   -36   -31   -31   -38   -48   -52   -51   -46   -41   -41   -41   -43   -45   -30
