AEALAOAU    250428L00AL QUICKLK     -136  -150  -167  -182  -193  -193  -197  -200  -194  -195  -199  -199  -202  -208  -200  -196  -192  -195  -191  -191  -200  -208  -213  -220  -217  -211  -201  -190  -177  -170  -162  -163  -146  -139  -134  -128  -121  -119  -110  -107   -97   -95   -89   -90   -92   -85   -68   -57   -45   -48   -56   -62   -67   -68   -62   -58   -39   -31   -28   -31  -140
AEALAOAU    250428L01AL QUICKLK      -55   -39   -30   -23   -30   -34   -32   -26   -21   -19   -18   -20   -25   -28   -28   -26   -26   -28   -29   -28   -25   -25   -25   -27   -22   -21   -24   -29   -30   -29   -28   -26   -22   -22   -23   -25   -28   -30   -30   -32   -31   -31   -30   -31   -30   -27   -28   -32   -34   -34   -36   -37   -35   -34   -32   -31   -31   -29   -27   -26   -29
AEALAOAU    250428L02AL QUICKLK      -31   -32   -34   -36   -52   -46   -18   -17   -18   -18   -26   -22   -24   -23   -22   -20   -24   -27   -28   -29   -29   -29   -30   -32   -37   -38   -40   -42   -40   -37   -35   -34   -36   -37   -37   -36   -33   -31   -29   -28   -28   -29   -27   -27   -27   -28   -29   -30   -30   -31   -33   -34   -33   -33   -32   -32   -33   -32   -32   -30   -31
AEALAOAU    250428L03AL QUICKLK      -31   -31   -31   -30   -29   -29   -31   -32   -34   -35   -35   -37   -40   -40   -40   -39   -38   -39   -40   -40   -40   -41   -41   -41   -41   -39   -38   -38   -38   -37   -36   -36   -36   -37   -39   -40   -40   -39   -39   -39   -38   -38   -38   -38   -38   -37   -36   -35   -35   -36   -37   -38   -38   -37   -36   -35   -35   -37   -38   -39   -37
AEALAOAU    250428L04AL QUICKLK      -40   -40   -40   -40   -40   -39   -39   -40   -39   -39   -38   -38   -39   -39   -39   -39   -38   -37   -38   -38   -39   -39   -39   -39   -39   -38   -37   -37   -37   -37   -37   -37   -36   -36   -35   -36   -36   -36   -36   -36   -36   -36   -36   -37   -37   -38   -37   -37   -36   -35   -37   -36   -38   -40   -40   -38   -36   -33   -32   -32   -37
AEALAOAU    250428L05AL QUICKLK      -33   -33   -34   -33   -32   -32   -32   -32   -34   -34   -35   -37   -41   -45   -45   -46   -46   -46   -46   -46   -45   -42   -40   -37   -34   -30   -26   -23   -21   -21   -20   -20   -20   -20   -20   -21   -24   -26   -27   -27   -27   -26   -28   -28   -31   -30   -31   -32   -33   -33   -33   -35   -38   -38   -36   -34   -32   -33   -35   -35   -33
AEALAOAU    250428L06AL QUICKLK      -33   -31   -31   -35   -38   -38   -39   -39   -40   -40   -40   -40   -37   -35   -35   -34   -32   -32   -32   -31   -31   -31   -31   -31   -32   -32   -32   -33   -33   -34   -34   -33   -33   -33   -34   -33   -39   -39   -43   -46   -48   -46   -44   -45   -58   -53   -53   -48   -41   -44   -40   -39   -42   -37   -38   -38   -36   -35   -38   -38   -38
AEALAOAU    250428L07AL QUICKLK      -40   -41   -38   -38   -37   -36   -37   -38   -37   -38   -38   -39   -40   -40   -39   -40   -38   -39   -40   -39   -38   -41   -40   -39   -40   -41   -41   -42   -42   -42   -42   -42   -43   -43   -43   -44   -44   -44   -44   -44   -43   -44   -43   -43   -44   -44   -44   -44   -43   -43   -44   -48   -46   -44   -43   -41   -40   -40   -41   -42   -41
AEALAOAU    250428L08AL QUICKLK      -42   -42   -40   -40   -41   -40   -41   -41   -41   -42   -42   -43   -42   -43   -44   -44   -44   -44   -44   -44   -43   -41   -41   -40   -40   -40   -41   -42   -42   -41   -41   -41   -39   -40   -41   -38   -38   -40   -40   -40   -40   -40   -40   -39   -40   -41   -42   -42   -42   -43   -44   -44   -44   -46   -46   -47   -47   -48   -48   -48   -42
AEALAOAU    250428L09AL QUICKLK      -46   -46   -47   -46   -46   -45   -44   -44   -44   -44   -42   -40   -39   -40   -39   -37   -36   -37   -36   -36   -35   -34   -34   -37   -37   -34   -30   -27   -23   -21   -20   -20   -19   -20   -17   -16   -19   -20   -24   -26   -28   -28   -27   -25   -24   -23   -22   -21   -20   -20   -18   -17   -18   -25   -30   -35   -39   -40   -40   -41   -31
AEALAOAU    250428L10AL QUICKLK      -41   -42   -43   -44   -42   -40   -41   -43   -44   -43   -43   -43   -44   -44   -44   -44   -44   -44   -44   -45   -44   -44   -44   -45   -45   -45   -44   -45   -45   -46   -44   -42   -40   -38   -36   -34   -34   -32   -32   -31   -30   -30   -31   -30   -30   -30   -33   -37   -37   -36   -36   -31   -27   -28   -29   -25   -24   -23   -22   -22   -38
AEALAOAU    250428L11AL QUICKLK      -21   -20   -18   -18   -17   -20   -19   -19   -18   -19   -17   -17   -18   -18   -20   -21   -22   -22   -23   -22   -21   -20   -19   -20   -21   -21   -22   -24   -25   -25   -24   -22   -19   -19   -18   -18   -19   -21   -22   -21   -20   -21   -22   -23   -26   -28   -28   -26   -24   -23   -24   -25   -28   -29   -31   -30   -29   -29   -30   -31   -22
AEALAOAU    250428L12AL QUICKLK      -32   -35   -35   -36   -37   -42   -44   -45   -46   -46   -44   -43   -40   -42   -43   -45   -45   -44   -42   -41   -41   -42   -44   -45   -44   -42   -41   -44   -46   -44   -46   -47   -46   -49   -60   -70   -64   -71   -71   -60   -53   -59   -67   -78   -87  -100  -105   -90   -88   -84   -72   -61   -60   -60   -59   -62   -66   -65   -65   -67   -55
AEALAOAU    250428L13AL QUICKLK      -78   -75   -62   -55   -50   -46   -43   -42   -48   -53   -53   -51   -50   -51   -51   -50   -50   -55   -57   -58   -59   -57   -53   -55   -61   -59   -61   -64   -56   -54   -57   -58   -62   -69   -68   -64   -59   -57   -56   -56   -61   -64   -67   -62   -54   -49   -43   -36   -32   -29   -29   -32   -36   -37   -36   -35   -35   -34   -34   -34   -52
AEALAOAU    250428L14AL QUICKLK      -33   -31   -29   -27   -27   -27   -27   -28   -28   -28   -28   -28   -28   -29   -29   -29   -29   -30   -30   -30   -30   -30   -30   -30   -30   -30   -30   -30   -29   -29   -29   -30   -29   -30   -29   -30   -30   -30   -30   -30   -31   -32   -31   -31   -31   -33   -32   -32   -33   -33   -33   -33   -32   -32   -33   -33   -33   -33   -33   -34   -30
AEALAOAU    250428L15AL QUICKLK      -34   -34   -33   -34   -34   -33   -34   -34   -34   -34   -34   -33   -33   -34   -33   -33   -33   -33   -33   -34   -35   -36   -36   -36   -36   -36   -36   -36   -36   -36   -35   -36   -36   -36   -36   -36   -36   -36   -37   -37   -37   -37   -37   -37   -36   -35   -37   -37   -35   -36   -36   -37   -37   -38   -38   -38   -39   -39   -37   -37   -36
AEALAOAU    250428L16AL QUICKLK      -36   -37   -38   -38   -36   -36   -36   -37   -37   -37   -38   -38   -39   -39   -39   -39   -41   -43   -43   -42   -41   -41   -41   -42   -43   -44   -45   -42   -41   -41   -41   -42   -43   -42   -42   -41   -41   -42   -42   -42   -43   -44   -46   -46   -47   -47   -47   -47   -47   -48   -48   -50   -51   -49   -49   -48   -47   -45   -44   -43   -42
AEALAOAU    250428L17AL QUICKLK      -43   -43   -42   -41   -40   -40   -41   -42   -41   -39   -36   -34   -34   -34   -37   -38   -36   -35   -37   -36   -36   -34   -36   -39   -37   -28   -28   -28   -30   -32   -33   -30   -28   -27   -29   -30   -29   -30   -32   -28   -28   -28   -28   -30   -30   -30   -30   -32   -33   -34   -33   -30   -29   -30   -29   -31   -30   -30   -29   -28   -33
AEALAOAU    250428L18AL QUICKLK      -29   -29   -29   -28   -29   -30   -31   -33   -32   -30   -28   -29   -30   -32   -31   -28   -27   -25   -26   -28   -28   -25   -24   -23   -25   -27   -26   -25   -25   -24   -25   -25   -26   -25   -28   -26   -27   -28   -30   -34   -36   -36   -33   -31   -29   -30   -31   -34   -36   -40   -39   -38   -37   -37   -39   -41   -39   -37   -36   -36   -30
AEALAOAU    250428L19AL QUICKLK      -36   -35   -32   -30   -29   -28   -28   -27   -28   -27   -26   -28   -38   -42   -43   -41   -38   -40   -43   -46   -41   -33   -28   -26   -22   -19   -20   -21   -23   -26   -30   -29   -27   -26   -28   -31   -32   -34   -35   -35   -36   -37   -38   -37   -36   -36   -35   -34   -34   -34   -33   -33   -32   -30   -30   -28   -26   -25   -25   -27   -32
AEALAOAU    250428L20AL QUICKLK      -27   -24   -21   -20   -20   -22   -22   -24   -24   -25   -27   -29   -28   -28   -29   -32   -32   -31   -27   -23   -22   -21   -19   -19   -19   -18   -17   -17   -17   -19   -23   -24   -24   -23   -23   -22   -22   -24   -24   -25   -25   -25   -25   -24   -25   -27   -25   -24   -25   -28   -34   -36   -37   -39   -39   -38   -35   -36   -41   -44   -26
AEALAOAU    250428L21AL QUICKLK      -45   -51   -46   -39   -32   -31   -31   -31   -29   -24   -21   -20   -22   -23   -24   -21   -19   -14   -11   -15   -16   -18   -16   -19   -19   -20   -24   -24   -25   -25   -28   -31   -34   -35   -37   -37   -37   -35   -33   -32   -32   -31   -30   -29   -28   -26   -25   -24   -23   -21   -19   -21   -23   -24   -25   -24   -24   -23   -21   -20   -26
AEALAOAU    250428L22AL QUICKLK      -20   -20   -21   -22   -23   -25   -25   -24   -23   -21   -22   -23   -23   -23   -23   -22   -19   -18   -14   -12   -13   -16   -19   -21   -24   -26   -23   -19   -18   -20   -24   -25   -24   -26   -33   -25   -18   -18   -21   -18   -13   -14   -13   -14   -17   -17   -17   -16   -17   -20   -23   -21   -19   -18   -19   -19   -18   -16   -16   -17   -20
AEALAOAU    250428L23AL QUICKLK      -18   -18   -17   -16   -16   -18   -19   -18   -16   -15   -16   -18   -20   -19   -18   -17   -17   -17   -15   -15   -15   -16   -16   -15   -15   -15   -16   -16   -17   -17   -16   -14   -16   -19   -20   -19   -15   -15   -16   -19   -20   -19   -17   -15   -16   -18   -19   -20   -20   -20   -18   -19   -18   -19   -19   -21   -23   -23   -21   -20   -18
