AEALAOAU    250429O00AO QUICKLK        7     6     6     6     7     8     8     7     6     6     7     8     8     7     5     5     6     7     8     7     6     6     6     6     5     5     5     5     5     5     5     6     6     6     4     4     3     4     3     4     4     4     3     4     3     3     3     3     4     3     3     4     4     4     4     4     4     5     4     4     5
AEALAOAU    250429O01AO QUICKLK        4     4     4     5     5     4     4     3     3     3     3     4     4     3     4     4     4     4     4     4     4     4     4     4     3     3     3     4     4     5     4     3     3     3     4     3     3     4     5     6     6     5     6     6     4     4     4     5     6     5     2     1    -1     0     2     3     3     2     2     2     4
AEALAOAU    250429O02AO QUICKLK        2     2     1     0     0     1     2     2     1     0    -1     0     0     0     0     1     1     1     1     1     2     2     2     2     1     1     1     0     1     1     0    -1     0     1     2     0    -1    -2    -1     0     1     0    -1    -1    -1     0     0     1     1     1    -1    -1    -1    -1     1     1    -1    -1     0     0     0
AEALAOAU    250429O03AO QUICKLK        0    -1    -1    -1    -1    -1    -2    -3    -4    -4    -4    -5    -6    -5    -4    -4    -4    -5    -5    -5    -3    -4    -4    -4    -4    -3    -2    -1    -1     1    -4    -2    -3    -5    -4    -3    -2     1     2     1    -1    -1     1     2     1     1     1     1     1     1     1     0     0    -1     0     1    -1    -1    -1    -1    -2
AEALAOAU    250429O04AO QUICKLK        0     0     0     0    -2    -1     0     0     0     0     2     1    -1    -1     1     1     2     1     1     2     3     0     1     3     3     1     0     1     0    -2    -1     0     0    -2    -2    -1     0    -1    -3    -1    -1    -2    -3    -2    -1     0    -1    -1    -3    -3    -3    -2    -4    -5    -3    -3    -4    -4    -2    -1    -1
AEALAOAU    250429O05AO QUICKLK       -1    -1    -1    -2    -3    -5    -3     6    12    16    16    17    18    18    23    30    42    50    50    53    58    63    65    66    72    78    80    82    86    88    90    93    92    89    87    84    83    81    80    81    82    85    84    86    88    92    92    91    89    89    91    92    89    89    88    84    81    78    72    69    61
AEALAOAU    250429O06AO QUICKLK       68    63    57    51    52    44    41    42    34    30    30    34    34    31    26    21    18    15    12    10     8     8     7     7     8     5     1    -1    -5    -6    -8    -9    -8    -2    -2   -15   -13    -5    -3   -19   -21   -20   -36   -40   -51   -55   -42   -29   -28   -26    -9    -8     5    11    12     4    -4    -3     2     6     5
AEALAOAU    250429O07AO QUICKLK       11     9     5     8    13     7    20    23    18    20    15     5     2    -1    -3     1     3    -4    -2    -4    -4    -9    -7    -2    -3    -8    -5   -11   -16   -14   -13   -12    -6     4     4    11     9    12    12     6     1     2    -1    -3    -3    -1     1    -3    -3    -1     1     3     8    13    19    28    35    35    33    26     5
AEALAOAU    250429O08AO QUICKLK       16     8     7     8     6    -1    -6   -12   -19   -22   -28   -32   -32   -31   -27   -24   -21   -11   -10   -11   -12   -11   -16   -19   -22   -21   -18   -12    -7    -2     4     8    13    13    14    15    19    19    21    17    13     7     0    -5    -9    -4     1     2     2     2    -1    -7    -8   -11   -12   -13   -16   -13    -7    -5    -5
AEALAOAU    250429O09AO QUICKLK       -6    -9   -11   -12   -11   -15   -14   -14    -7    -6    -6    -7    -7    -6    -3    -3    -2     2     0    -5   -10   -12   -11   -12   -13     0    22    35    29    26    23    23    24    22     9     7    12     9     2    -4    -8    -9   -10   -10   -12   -11    -9    -7    -7    -6    -4    -2     0     1     2     4     4     2    -1    -1    -1
AEALAOAU    250429O10AO QUICKLK       -2    -1     0    -1    -3    -3     0     3     4     4     5     6     9    12    12    10     9     9    13    18    22    25    32    32    33    33    32    34    35    26    13     2    -8    -6     2    10    15    13    15    15    18    21    22    21    22    16     9    10    16    22    20    19    14     8     2    -4    -5    -5     9    20    12
AEALAOAU    250429O11AO QUICKLK       28    25    13     6     1     2     9    15    14     9     5     6     2    -1     0     4     7     8     8     9    11     9    10     9    -1    -7    -3    -5    -1    -4    -5    -4     1     7    17    14     6     7     8     9     7     3     5    13    18    15     8     7     7     7     8     6     5     6     4     3     4     3     1     3     6
AEALAOAU    250429O12AO QUICKLK        2    -1    -2    -5    -7    -6    -6   -11   -13   -11    -5    -3    -3    -3    -1    -3    -7    -8   -11   -13   -13   -12    -3     8     6     7     8     7     1    -5    -7    -7    -4    -2    -1     1     4     8     8     7     5     4     3     0    -2    -1     2     7    12    12     8     3    -1    -1     1     4     3     1     1     0    -1
AEALAOAU    250429O13AO QUICKLK        0    -2    -2    -2     0     3     5     6     4     3    -1    -2    -2    -1     2     2    -1     2    10    13    17    22    19    10     3     1     4     6     3    -1     4     6     7     9    12    15    17    18    19    18    15    12    12    15    17    20    22    19    15    14    16    13    12    11     8    10    15    15    16    15     9
AEALAOAU    250429O14AO QUICKLK       13    10     8     8     9     8     9    10     9     9    10    11    11    11    12    13    14    12    10     8     9     9     9     9     8     7     6     7     6     6     6     6     7     8     8     9     9     9     8     8     8     9     7     4     1     1     2     1     2     2     2     0     3    -1     0    -2     0     5     4     1     7
AEALAOAU    250429O15AO QUICKLK       -1     1     3     2     0    -1     1     4     4     2     1     4     6     4     3     3     4     3     4     2     1     3     5     7     5     3     3     4     5     2     3     3     5     8     8     5     5     5     8    10     7     4     3     5     7     6     5     4     3     4     5     5     4     3     3     4     5     5     6     3     4
AEALAOAU    250429O16AO QUICKLK        3     3     3     5     5     5     5     5     5     6     6     6     6     5     6     6     6     6     7     8     8     8     7     6     6     8     9     7     8     9     9    10    11    12    14    15    17    17    15    15    17    20    19    17    16    18    21    21    20    20    21    22    25    24    22    12     2    -4    -6    -6    10
AEALAOAU    250429O17AO QUICKLK       -7    -7   -10   -11   -12   -12   -11   -12   -12   -10    -9    -9   -13   -20   -21   -16   -10    -2     5     6    10    14    15    14    15    16    18    18    18    17    18    20    20    18    19    21    23    24    22    21    20    21    21    20    17    16    16    17    18    20    20    21    18    17    19    21    20    21    21    20     9
AEALAOAU    250429O18AO QUICKLK       21    21    20    20    21    20    12     8    16    21    24    23    21    20    19    18    18    18    21    23    24    26    27    24    20    14     9     7     2    -3    -2     3     5     1     1     4     8    12    16    13    12    11    11    12    12    11     9    10    11    12    12    13    15    17    17    18    19    18    19    22    15
AEALAOAU    250429O19AO QUICKLK       24    22    21    21    19    16    15    14    15    16    13    18    19    19    21    23    23    24    24    24    22    24    22    22    23    22    21    19    18    17    17    17    17    18    19    23    28    23    31    31    30    29    31    30    27    28    28    28    28    29    24    22    21    22    21    21    21    21    20    20    22
AEALAOAU    250429O20AO QUICKLK       20    20    20    20    20    21    22    21    21    19    17    16    16    15    14    14    12    13    10    13    15    10     9     6     5     7    -6   -23   -18     3    14    10     7     7     5     2     1     1     2     2     3     5     7     7     8     9     9    11    14    15    16    18    19    12    13    19    21    19    13    13    11
AEALAOAU    250429O21AO QUICKLK       12    11    10    10     8     7     6     6     5     3     8     8     5     6     9     8     6     6    10    11     9     5     2     2     4     2    -1     1     2     1    -2    -3    -3    -5    -6    -3    -1    -1    -1     1     1     3     1     1     3     4     1     2     0     2     2     4     5     5     4     4     4     4     5     4     4
AEALAOAU    250429O22AO QUICKLK        4     5     5     4     5     8     7     6     4     7     7     5     5     7     5     4     3     6     8    10     9     8    12    10    10    10     7     8     7     6     6     4     4     5     5     5     6     6     7     6     6     7     5     5     5     6     5     6     6     4     4     3     4     4     3     3     2     3     1    -1     6
AEALAOAU    250429O23AO QUICKLK        1     2     2     1     1     3     4     6     7     8     8     8     7     6     5     4     4     5     6     5     5     5     5     6     6     6     6     6     6     7     8     5     4     3     3     5     4     5     6     3    -1     1     3     5     6     5     3     1     3     3     2    -2    -3    -2     1     4     3     4     4     4     4
