AEALAOAU    250428O00AO QUICKLK      -24   -31   -39   -48   -55   -54   -55   -55   -50   -50   -52   -52   -54   -57   -53   -52   -50   -52   -50   -50   -55   -60   -64   -68   -67   -65   -61   -57   -52   -48   -43   -43   -35   -34   -34   -32   -28   -27   -23   -23   -20   -21   -19   -20   -23   -21   -14   -10    -5    -6   -10   -13   -16   -17   -15   -14    -6    -2    -1    -2   -36
AEALAOAU    250428O01AO QUICKLK      -14    -7    -3     1    -3    -5    -4    -1     1     0     0    -1    -4    -5    -5    -2    -2    -4    -5    -5    -3    -4    -4    -5    -3    -2    -4    -6    -7    -6    -5    -4    -2    -3    -3    -2    -2    -2    -2    -3    -3    -3    -3    -3     1     4     2     0    -1     0     2     4     6     3    -1    -1     0     3     6    10    -2
AEALAOAU    250428O02AO QUICKLK        9     8     8    10     4     9    23    20    18    17    14    16    15    14    15    16    12    10     9    12    14    12     9     5     1     1     2     1     1     1     0     0    -2    -3    -5    -3     0     2     4     4     3     2     3     4     5     4     4     4     3     2     1     1     2     3     4     4     4     6     7     8     6
AEALAOAU    250428O03AO QUICKLK        8     9     8     8     8     8     6     6     7     4     4     4     3     2     2     2     2     2     1     1     1     1     1     0    -1     0     1     1     2     3     3     3     3     2     1    -1    -1     1     0     0     1     1     1     1     1     1     2     2     2     2     1     0     0     1     1     1     1    -1    -1    -1     2
AEALAOAU    250428O04AO QUICKLK       -2    -1    -1    -1    -1    -1    -1    -2    -1    -1    -1     0    -1    -1    -2    -2    -2    -1    -2    -2    -2    -2    -2    -2    -2    -2    -2    -1    -1    -1    -1    -1    -1    -2    -1    -2    -1    -2    -2    -1    -2    -2    -2    -2    -2    -3    -3    -3    -3    -3    -3    -3    -4    -5    -5    -4    -2    -1    -1    -1    -2
AEALAOAU    250428O05AO QUICKLK       -1    -1    -2    -1    -1    -1    -1    -1    -2    -2    -2    -4    -6    -9   -10   -10   -10   -10   -10   -11   -10    -8    -7    -5    -4    -2    -1     1     2     3     4     4     4     3     3     3     1     0    -2    -2    -2    -1    -2    -2    -4    -3    -4    -5    -6    -6    -5    -7    -9    -8    -8    -7    -6    -6    -7    -7    -4
AEALAOAU    250428O06AO QUICKLK       -6    -5    -4    -7   -10   -10   -10   -10   -11   -11   -12   -12   -10   -10    -9    -8    -7    -7    -7    -7    -7    -7    -7    -7    -7    -7    -8    -9    -9   -10    -9    -9    -9    -9   -10    -9   -12   -12   -14   -16   -16   -15   -15   -15   -22   -20   -19   -17   -14   -15   -14   -12   -12    -8    -7    -8    -8    -8    -9    -8   -10
AEALAOAU    250428O07AO QUICKLK       -7    -6    -4    -4    -5    -6    -7    -7    -6    -7    -8    -9   -11   -12   -12   -12   -11   -11   -12   -13   -13   -14   -14   -13   -13   -14   -14   -14   -14   -14   -15   -14   -14   -13   -13   -13   -13   -12   -11   -11   -10   -11   -11   -11   -11   -11   -10   -10    -9    -9   -11   -14   -13   -12   -10    -8    -6    -5    -6    -6   -11
AEALAOAU    250428O08AO QUICKLK       -7    -8    -8    -9   -10    -9   -10   -10    -9   -10   -10   -12   -12   -12   -12   -12   -11   -11   -11   -11   -10    -9    -9    -9    -9   -10   -10   -11   -11   -11   -11   -11   -10   -10   -10    -9   -10   -11   -12   -12   -12   -12   -11   -11   -11   -12   -13   -12   -12   -13   -13   -13   -13   -14   -14   -15   -15   -15   -15   -15   -11
AEALAOAU    250428O09AO QUICKLK      -14   -13   -14   -13   -13   -12   -11   -10   -11   -11    -9    -7    -6    -7    -6    -4    -2    -2    -2    -2    -1     1     1    -1    -1     0     2     3     5     6     6     6     7     7    10    11    17    22    21    21    25    30    32    30    25    24    24    25    22    18    17    17    15     8     0    -3    -3    -3    -4    -5     4
AEALAOAU    250428O10AO QUICKLK       -6    -7    -9   -10    -9    -7    -7    -8    -9    -7    -8    -8    -9   -10   -10   -11   -12   -13   -13   -14   -13   -14   -13   -13   -14   -12   -12   -14   -12   -14   -15   -14   -15   -14   -13   -11   -11    -9    -9    -8    -8    -8    -9    -8    -7    -7    -8   -10    -8    -6    -6    -3     0     0     0     3     5     7     7     6    -8
AEALAOAU    250428O11AO QUICKLK        7     8     8     8     8     7     8     8     9     8     8     8     7     6     5     4     4     5     3     4     4     6     6     6     6     6     5     4     4     5     5     7     8     6     8     7     7     6     6    11    16    17    14     9     5     5    10    14    16    16    13    11    10     9     8     9    10    12    11     6     8
AEALAOAU    250428O12AO QUICKLK        6     3     4     7     9     5     1    -2    -2     0     1    -1    -1    -2    -1    -1     0     0    -1    -2    -2    -1    -1    -2    -3    -4    -5    -6    -5    -2    -2    -3    -2    -2    -8   -14   -13   -18   -19   -14    -9   -10   -14   -20   -26   -33   -35   -27   -25   -23   -19   -16   -17   -16   -16   -18   -20   -20   -20   -21    -8
AEALAOAU    250428O13AO QUICKLK      -25   -22   -15   -12   -11   -10    -9    -9   -12   -14   -14   -14   -14   -15   -14   -13   -13   -16   -17   -16   -18   -16   -14   -15   -18   -17   -18   -20   -15   -14   -16   -16   -18   -23   -22   -20   -17   -16   -15   -15   -18   -20   -21   -19   -14   -11    -9    -5    -3    -1    -1    -3    -5    -6    -5    -5    -5    -4    -4    -4   -13
AEALAOAU    250428O14AO QUICKLK       -4    -3    -2    -1    -1    -1    -1    -2    -2    -2    -2    -2    -2    -3    -3    -3    -3    -3    -3    -3    -3    -3    -3    -3    -3    -3    -3    -3    -3    -3    -3    -4    -3    -4    -4    -4    -4    -5    -5    -5    -6    -6    -6    -6    -6    -7    -6    -6    -7    -7    -7    -7    -6    -6    -7    -7    -7    -7    -7    -8    -4
AEALAOAU    250428O15AO QUICKLK       -8    -8    -7    -8    -7    -7    -7    -7    -8    -8    -8    -8    -8    -9    -9    -9    -8    -8    -8    -8    -9    -9    -8    -9    -9    -9    -9    -9    -8    -8    -8    -8    -8    -8    -9    -8    -8    -8    -8    -8    -8    -8    -8    -8    -9    -8   -10   -10    -8    -8    -8    -8    -7    -8    -8    -8    -9    -9    -8    -8    -8
AEALAOAU    250428O16AO QUICKLK       -7    -8    -8    -8    -7    -7    -7    -7    -7    -6    -6    -7    -7    -8    -8    -8    -8    -9   -10   -10    -9    -9    -8    -8    -8    -9   -10    -9    -9    -8    -8    -8    -8    -7    -7    -6    -7    -7    -7    -7    -7    -7    -7    -7    -7    -6    -6    -6    -6    -6    -6    -7    -8    -7    -6    -6    -6    -5    -5    -4    -7
AEALAOAU    250428O17AO QUICKLK       -4    -4    -4    -4    -3    -3    -3    -3    -3    -2    -1    -1     0     0    -2    -2    -1    -1    -1     0     1     2     1    -1     0     4     4     4     3     1     1     2     3     3     2     1     2     1     0     2     2     2     2     2     2     2     2     1     1     0     1     2     3     3     3     2     2     2     2     3     1
AEALAOAU    250428O18AO QUICKLK        2     2     3     3     3     3     2     1     2     3     4     3     3     1     2     3     4     6     5     4     4     5     5     6     5     4     5     5     5     6     6     6     5     6     4     6     6     5     3     1     1     1     3     4     5     4     4     2     1    -2    -1    -1     0     0    -1    -1     0     1     2     2     3
AEALAOAU    250428O19AO QUICKLK        2     2     3     4     5     6     6     6     6     7     7     6     1    -1    -2    -1     0    -2    -3    -5    -3     2     4     5     7     8     7     7     6     5     4     5     6     7     6     5     4     3     3     3     3     2     2     2     3     3     3     3     3     3     3     2     2     3     3     4     5     6     6     4     3
AEALAOAU    250428O20AO QUICKLK        4     6     8     9     9     8     8     7     7     7     6     4     5     5     4     3     3     3     5     7     7     8     9     8     8     8     9     8     8     8     6     6     6     7     7     7     8     7     7     7     7     7     7     8     7     6     8     8     8     6     4     3     2     1     1     1     2     2    -1    -2     6
AEALAOAU    250428O21AO QUICKLK       -1    -6    -4    -1     4     5     6     8     9     8    11    13    11    10    10    11    12    14    15    13    11    11    10     9     9     9     8     8     7     8     6     4     3     2     1     0     1     2     3     4     3     4     4     5     6     7     8     8     9     9    11    10     8     8     7     9     9     9    10    10     7
AEALAOAU    250428O22AO QUICKLK       10    10    10     9     9     8     9     9    10    11    10     9     9     9     8     8    10    10    12    14    13    12    10     9     7     6     8    12    12    11     8     7     7     6     3     8    12    12     9    11    13    12    12    12    10    10    10    11    10     9     8    10    11    12    11    10    10    10    10    10    10
AEALAOAU    250428O23AO QUICKLK        9    10    10    10    10     9     8     9    10    11    11    10     8     9    10    11    11    11    11    12    11    11    11    11    11    11    10    10     9     9    10    12    11     9     8     8    10    10    10     9     9     9    10    11    10    10    10     9     8     7     8     8     8     8     9     8     6     5     6     7     9
