AEALAOAU    250427O00AO QUICKLK        9     8     9     8     8    10    10    11    10    11    12    11    11    11    11    12    11    11    11    10     9    10     8     9     9     8     9    10     8     8     8     8     8     8     8     7     6     6     5     5     5     5     5     5     7     8     9    10    10     9    10    11    10    10    10     9     9     9     8     9     9
AEALAOAU    250427O01AO QUICKLK        9     8     8     8     8     8     9     8     9     9     9     9     9    10     9     9     9     8     7     8     8     7     7     7     7     7     7     8     8     8     7     7     7     7     6     7     8     8     7     6     5     5     7     6     5     7     6     6     7     8     8     7     7     5     4     4     4     5     4     4     7
AEALAOAU    250427O02AO QUICKLK        7     7     7     8     8     7     8     7     7     7     6     7     7     7     7     7     8     7     6     5     5     5     5     6     5     5     5     5     3     2     2     2     1     1     1     0     1     1     1     1     5     5     5     4     4     4     4     4     4     3     3     4     3     3     2     2     2     1     1     0     4
AEALAOAU    250427O03AO QUICKLK        0     0    -1    -1     1     3     4     7     8     6     7    10    10    12    16    16    15    14    15    15    17    17    16    23    25    26    27    29    27    27    26    29    31    30    31    31    34    37    38    39    37    36    39    44    45    48    49    46    45    44    48    49    51    50    46    46    47    50    54    61    28
AEALAOAU    250427O04AO QUICKLK       62    63    65    64    63    64    68    72    73    66    71    75    65    57    50    42    43    33    26    13    15    26    23    23    19    17    10     7    11    19    31    30    27    26    35    39    47    44    40    41    44    43    38    39    40    41    41    37    37    41    50    57    62    60    64    63    63    67    72    74    45
AEALAOAU    250427O05AO QUICKLK       68    61    62    63    68    63    63    63    70    75    75    77    76    81    82    74    70    66    65    63    60    52    42    39    39    32    30    28    24    26    24    25    23    24    27    28    29    34    36    34    33    39    43    44    50    59    64    63    66    71    73    72    73    75    76    75    71    64    64    63    55
AEALAOAU    250427O06AO QUICKLK       65    67    68    66    64    64    60    57    54    48    50    54    52    54    57    59    54    55    54    55    46    46    49    51    52    51    51    57    57    57    56    55    53    54    56    52    49    47    44    42    39    36    35    35    36    35    35    36    39    39    39    40    41    39    38    39    40    38    39    43    49
AEALAOAU    250427O07AO QUICKLK       49    49    44    43    44    42    40    39    39    42    42    38    32    31    33    31    27    23    22    16    14     9     5     4     8     8     6     9    11    11    10    14    15     9     3     3     5     5     6     9    11    11     6     1     0     0     2     4     8     3     1     2     3     0    -2    -4     0     5     4     3    16
AEALAOAU    250427O08AO QUICKLK       -1    -3    -5    -4     1     1     0    -2    -4    -2    -2    -2    -5    -8   -10   -11    -9    -5    -3     1     4     6     4     5     9     9     4    -1    -2    -2    -3    -4    -6    -6    -3    -2    -1     1     1     1     2     2     3     3     5     6     6     6     7     8     8     8     8     7     6     4     4     5     7     9     1
AEALAOAU    250427O09AO QUICKLK       10    10     9     9     9     9    12    11    10    10    12    11    10     9     9     7     7     7     7     7     6     7     5     5     5     5     6     6     8     8     7     6     5     4     4     4     2     4     6     8     8     8     7     8     9    10    10     9     9     8     8     7     8    10    11    12    12    12    12    13     8
AEALAOAU    250427O10AO QUICKLK       12    13    14    14    15    16    17    17    17    16    16    16    17    17    17    18    20    20    21    21    22    22    23    21    20    18    20    21    20    22    25    24    25    25    24    23    22    22    21    20    18    16    14    14    13    15    17    15    13    11    11    12    12    11    10     9    10     8     7     7    17
AEALAOAU    250427O11AO QUICKLK        7     6     6     6     6     6     6     6     5     5     5     5     6     5     5     6     5     5     4     4     3     2     2     3     5     6     6     8    11    15    18    20    22    23    22    20    19    17    18    19    21    25    25    24    24    24    21    20    18    17    15    14    12    12    17    18    14    13    18    23    12
AEALAOAU    250427O12AO QUICKLK       24    22    20    20    17    12     9    10    10    10    10    10     9     9     9    10    11    12    16    20    23    25    26    26    25    27    29    30    29    28    28    27    27    30    35    38    37    35    33    32    26    18    11     4    -1    -1    -1    -1    -2    -2    -2     0     0    -1    -4    -4    -3    -2    -3    -2    15
AEALAOAU    250427O13AO QUICKLK       -1    -1    -2    -4    -4    -3    -3    -4    -4    -3    -4    -3    -5    -6    -5    -5    -5    -6    -4    -3    -2    -2    -2    -2    -1    -2    -3    -5    -6    -6    -5    -3    -2    -2    -1    -1    -1     1     1     1     2     4     4     4     4     5     5     2     1     1     1     1     1     2     1     2     2     2     2     2    -1
AEALAOAU    250427O14AO QUICKLK        2     1     2     2     2     2     3     3     4     2     2     3     3     2     3     3     3     2     2     3     4     6     7     7     6     6     7     8     7     8     9    11    11    11    10    11    10    10    10    12    12    10     9     9     9     8     8     8     8     7     8     8     7     6     4     4     1    -2    -1     1     6
AEALAOAU    250427O15AO QUICKLK        4     4     4     1    -3    -8   -10    -8    -6    -3     2     3     6     7     8    10    12    10     8    10    10     8     5     4     5     4     2     1     3     4     4     5     5     3     3     5     5     4     4     5     7     9    10     8     7     9    12    13    12    10    12    13    13    17    18    17    18    16    13    10     6
AEALAOAU    250427O16AO QUICKLK        6    -7   -15   -19   -15    -6     2     3     1    -2    -6    -6    -9   -10    -8    -2     1     2     1    -4    -7    -7   -10   -15   -19   -18   -16   -17   -19   -19   -15   -16   -19   -16   -12   -23   -29   -29   -26   -20   -19   -22   -25   -22   -24   -26   -26   -20   -15   -15   -15   -12   -13   -16   -18   -20   -19   -16   -13    -8   -13
AEALAOAU    250427O17AO QUICKLK       -5    -6    -7    -7    -6    -5    -7    -7    -7    -7    -1    -2     1     1     1    -1    -2    -1     2     4     5     8    10    13    16    17    18    20    21    22    18    18    18    19    21    21    21    20    21    23    25    26    27    28    30    33    37    42    45    45    42    39    33    29    21    14    11    11    17    24    14
AEALAOAU    250427O18AO QUICKLK       16    -3   -19   -26   -28   -26   -24   -26   -31   -33   -35   -32   -26   -24   -26   -20   -18   -11    14    28    28    27    26    22    14    11     6    -5    -2    11    13    -6   -13   -17   -21   -23   -21   -19   -18   -15    -7    -6   -10   -15   -20   -22   -23   -20   -21   -26   -29   -31   -30   -30   -27   -22   -20   -20   -16   -11   -13
AEALAOAU    250427O19AO QUICKLK       -7    -9    -6    -6    -7    -3     1    -1     3     5     4     2     2     4     2     4     6     6     4     2     3    11    16    16    16    13    14     9    12    14     9     2    -3    -7    -6    -4     1    -1    -3    -6    -4    -2     1     1    -1    -2     2     4     7     8     8     9    10    11    10    10    10     8     8     9     4
AEALAOAU    250427O20AO QUICKLK       12    14    14    13    15    16    15    16    16    14    14    18    20    19    19    20    15    13    13    12    13    12    20    23    19    18    19    15     6    12    29    28    15    15    25    28    24    19    18    26    31    28    27    27    26    26    26    14    14    14    12     9    17    16    18    18    18    18    20    19    18
AEALAOAU    250427O21AO QUICKLK       20    21    21    21    22    22    21    22    23    23    22    20    19    19    20    20    19    19    18    18    19    18    18    18    19    20    20    20    20    21    21    21    21    20    19    19    18    19    19    17    16    17    15    14    15    15    16    15    14    13    14    14    16    17    15    16    17    17    18    18    18
AEALAOAU    250427O22AO QUICKLK       17    18    18    18     3     3     3    19    19    19    19    21    21    21    21    18    17    17    19     1     1     2     1    -1    -1     0    -2    -6     7    10    11    11    10    10    13    18    19    21    21    20    22    21    22    23    24    23    21    20    22    19    14    12    11    12    13    13    14    14    15    17    14
AEALAOAU    250427O23AO QUICKLK       17    17    17    16    17    16    17    14    14    17    17    16    17    19    19    20    13    12    13    15    17    20    22    21    18    18    21    21    21    24    27    33    34    34    34    37    39    42    44    43    40    41    45    43    39    36    34    34    30    31    30    25    19    11    14    12    14    14    11     7    24
