AEALAOAU    250427U00AU QUICKLK       41    41    41    40    39    41    43    45    46    48    51    51    52    53    53    53    53    54    55    54    53    53    52    49    48    49    49    49    47    46    45    46    47    47    46    45    44    43    42    42    41    41    40    40    42    43    43    43    46    47    48    49    49    48    48    47    47    48    48    49    47
AEALAOAU    250427U01AU QUICKLK       49    49    48    49    49    50    51    51    51    50    49    49    50    50    50    50    50    50    49    49    49    47    47    47    47    47    47    47    47    49    50    50    49    47    46    45    46    46    46    46    47    49    51    52    52    53    53    53    53    54    56    57    56    55    54    54    54    55    54    54    50
AEALAOAU    250427U02AU QUICKLK       57    56    53    53    52    51    51    51    51    51    51    50    50    50    50    50    50    50    50    50    50    50    50    50    49    49    48    47    45    43    42    41    40    40    40    38    39    39    38    37    45    45    45    44    44    44    44    44    44    44    44    45    45    45    45    45    45    44    44    44    47
AEALAOAU    250427U03AU QUICKLK       44    44    45    46    50    54    57    63    67    63    65    69    70    74    81    81    78    76    77    78    81    87    90    96    98   100   105   107   103   101   101   105   107   109   111   113   115   119   122   123   123   125   130   134   136   137   137   132   129   127   137   140   141   138   129   131   134   140   151   160   101
AEALAOAU    250427U04AU QUICKLK      162   163   167   167   166   168   174   182   185   186   191   185   179   185   181   168   164   162   154   152   155   158   161   156   154   148   146   146   143   143   154   152   142   142   147   162   164   159   150   149   155   155   151   150   154   162   166   167   169   171   183   198   201   188   190   195   198   201   204   203   167
AEALAOAU    250427U05AU QUICKLK      197   190   191   186   186   187   188   195   216   233   238   246   246   247   245   231   215   198   186   179   169   154   140   136   136   126   118   106    99    99    92    96   101   102   102   107   112   122   124   120   126   142   157   167   176   189   191   183   183   184   185   180   179   177   175   170   162   152   150   145   166
AEALAOAU    250427U06AU QUICKLK      142   146   142   133   134   134   129   125   125   119   121   124   122   127   130   132   131   130   127   125   125   130   132   132   134   130   130   134   134   132   133   134   133   131   128   122   116   112   107   104   104   101    95    93    95    95    96    98   102   100   100   102   103   100    97   104   111   113   116   122   120
AEALAOAU    250427U07AU QUICKLK      128   127   121   122   122   113   107   101    99    99    96    89    84    85    83    75    70    68    68    60    56    47    42    46    54    54    50    51    52    48    45    52    54    48    39    41    43    40    38    44    52    56    54    53    56    57    56    56    61    55    53    59    65    64    62    57    56    57    52    49    67
AEALAOAU    250427U08AU QUICKLK       45    52    48    43    40    40    40    41    43    43    43    43    41    42    42    39    40    42    43    45    47    47    46    45    47    49    48    47    46    44    45    45    47    45    45    44    45    46    45    45    45    43    42    41    41    43    44    44    45    45    45    44    43    44    44    44    44    45    45    46    44
AEALAOAU    250427U09AU QUICKLK       47    48    48    48    48    48    49    50    50    51    50    49    48    47    48    46    47    46    45    45    45    47    46    46    45    45    46    45    45    44    43    43    43    44    44    44    45    46    46    46    46    46    47    47    46    46    45    45    45    45    46    46    47    47    48    49    49    49    49    49    47
AEALAOAU    250427U10AU QUICKLK       49    49    51    52    53    54    54    54    55    55    55    55    56    56    56    56    56    57    58    57    59    58    59    60    60    58    59    60    61    62    65    66    68    68    69    69    67    66    62    60    57    55    54    54    55    55    54    52    49    45    43    43    42    41    41    40    41    40    40    40    55
AEALAOAU    250427U11AU QUICKLK       40    40    40    40    41    41    41    42    42    43    43    43    43    43    42    42    42    43    43    44    44    42    43    44    44    45    48    51    55    59    62    65    67    66    64    59    56    51    51    52    56    59    60    60    60    61    59    59    57    54    50    46    47    51    59    59    56    58    65    73    51
AEALAOAU    250427U12AU QUICKLK       74    70    63    57    51    42    36    37    39    40    41    40    40    40    40    42    44    46    54    62    67    70    71    70    68    72    75    79    80    79    80    81    84    91   100   105   105   102    96    85    72    57    43    29    22    23    24    24    24    23    23    28    29    29    25    24    26    28    28    29    54
AEALAOAU    250427U13AU QUICKLK       30    29    28    26    25    25    25    23    23    24    23    23    22    21    20    20    19    18    21    23    24    24    25    25    26    26    23    20    20    21    23    25    27    28    29    29    31    33    33    33    34    35    35    35    34    34    34    32    30    28    28    29    30    31    30    30    31    30    29    29    27
AEALAOAU    250427U14AU QUICKLK       30    29    30    30    30    31    32    33    33    30    30    30    30    30    30    30    30    30    30    31    32    35    37    36    35    35    37    38    37    38    40    42    43    43    42    44    44    46    47    48    48    47    47    46    46    46    47    47    48    49    51    52    52    49    46    43    39    36    36    36    39
AEALAOAU    250427U15AU QUICKLK       38    39    41    41    41    38    37    39    40    40    42    45    50    53    55    58    60    61    61    61    60    58    58    59    59    58    56    55    60    63    63    63    64    64    69    73    73    73    71    71    74    81    79    71    66    67    74    79    77    77    80    82    84    90    93    91    89    87    88    93    64
AEALAOAU    250427U16AU QUICKLK       95    89    89    87    87    92    95    89    87    85    85    86    84    80    76    73    73    69    64    61    60    59    56    51    51    52    54    53    50    47    48    49    51    62    73    55    41    39    39    43    43    39    36    39    41    41    40    42    43    44    47    50    54    55    56    56    58    60    60    62    61
AEALAOAU    250427U17AU QUICKLK       63    67    71    72    73    74    76    78    78    76    75    76    78    79    80    76    73    72    75    78    78    79    81    82    84    86    89    93    98    99    99    99   100   102   103   102   101   102   106   110   113   114   115   117   120   124   129   133   136   141   144   148   152   154   154   153   150   148   146   148   102
AEALAOAU    250427U18AU QUICKLK      146   144   145   146   144   144   142   138   133   129   125   124   123   122   119   118   118   118   118   117   117   118   113   108   107   107   106   100   114   143   146   108    97    94    91    89    91    90    86    88    92    93    86    82    83    87    89    91    88    82    82    82    82    81    78    78    80    78    75    75   107
AEALAOAU    250427U19AU QUICKLK       75    74    76    75    70    72    76    72    75    75    69    66    66    69    70    76    84    88    87    82    85   102   111   108   106   103   104   102    97    92    92    83    77    75    77    87    89    86    78    66    71    65    67    65    62    62    63    63    63    62    61    62    63    63    62    61    60    59    60    61    76
AEALAOAU    250427U20AU QUICKLK       63    64    65    64    64    64    63    62    64    60    58    62    65    66    68    68    57    56    57    60    63    65    83    86    88    88    87    87    92    89    85    83    79    80    85    89    85    83    79    80    79    74    73    72    71    71    72    50    52    54    54    52    72    69    69    68    68    69    70    69    71
AEALAOAU    250427U21AU QUICKLK       69    68    67    66    67    67    67    71    74    75    71    67    64    64    66    66    66    66    64    62    60    59    59    60    62    63    63    62    63    65    65    65    65    64    64    64    65    66    66    66    64    63    62    62    63    65    66    65    65    63    62    61    62    60    58    60    60    60    62    61    64
AEALAOAU    250427U22AU QUICKLK       60    59    60    62    32    31    31    63    63    61    60    65    65    65    65    64    64    65    67    30    30    32    31    31    33    34    34    36    71    74    73    72    74    75    73    74    74    73    70    67    69    71    72    72    73    74    76    76    76    75    74    72    72    72    70    66    66    66    66    65    61
AEALAOAU    250427U23AU QUICKLK       63    62    59    56    56    55    56    53    51    53    54    54    53    55    56    57    41    41    43    46    51    57    64    65    67    69    69    68    70    75    89    99   104   106   111   119   130   138   145   145   146   148   150   152   148   143   137   134   130   132   134   134   134   132   129   133   133   131   129   129    94
