AEALAOAU    250428U00AU QUICKLK       88    88    89    87    84    85    87    91    95    95    96    95    94    95    95    93    92    91    91    91    91    89    86    84    83    81    80    77    74    75    77    77    77    71    66    65    65    65    64    62    58    54    51    51    47    44    41    38    35    36    36    37    36    34    33    31    28    27    27    28    68
AEALAOAU    250428U01AU QUICKLK       27    25    25    25    24    24    24    24    22    19    18    18    17    18    19    22    23    21    20    19    19    17    17    17    17    17    16    18    17    18    19    18    18    17    18    22    24    26    26    27    26    25    25    25    31    34    32    32    32    34    40    45    46    39    30    30    31    34    39    45    25
AEALAOAU    250428U02AU QUICKLK       48    47    49    55    60    63    63    57    54    52    53    53    53    51    52    51    47    46    45    52    56    53    47    41    38    39    43    43    42    39    35    34    33    31    28    31    33    35    36    36    33    33    33    34    36    35    36    37    35    35    35    35    36    38    40    39    40    43    45    46    43
AEALAOAU    250428U03AU QUICKLK       47    48    47    46    45    44    43    43    47    42    42    44    45    44    44    43    42    42    41    41    41    42    42    41    40    39    39    39    41    42    42    42    41    41    40    39    39    40    39    39    39    39    40    39    39    39    39    39    39    39    39    38    38    38    38    37    37    36    36    37    41
AEALAOAU    250428U04AU QUICKLK       37    38    38    38    38    37    37    37    37    37    37    38    38    37    36    36    35    35    35    35    36    36    36    36    35    34    34    35    35    35    35    35    34    33    33    33    35    33    33    34    33    32    33    33    33    32    32    31    31    30    31    31    30    31    31    31    32    32    31    31    34
AEALAOAU    250428U05AU QUICKLK       31    31    30    31    30    30    31    30    31    31    32    30    29    27    26    27    27    27    26    25    25    26    26    27    26    26    24    24    25    27    27    27    27    26    25    26    26    26    24    24    24    24    25    25    24    24    23    23    22    21    23    22    21    22    21    20    20    21    21    21    26
AEALAOAU    250428U06AU QUICKLK       22    22    23    21    19    19    19    19    18    18    17    17    17    16    17    19    19    19    18    18    18    18    18    18    18    18    17    16    16    15    16    15    15    15    15    15    15    15    15    15    16    16    15    15    15    14    15    15    14    14    12    15    18    22    24    23    21    20    20    22    17
AEALAOAU    250428U07AU QUICKLK       26    30    31    30    28    25    24    25    25    25    23    21    18    16    16    16    16    17    17    14    13    13    13    13    14    13    13    14    15    15    13    14    16    17    17    18    19    21    22    22    23    23    22    22    22    23    24    25    26    25    22    20    20    21    24    26    28    30    30    30    21
AEALAOAU    250428U08AU QUICKLK       29    27    25    23    22    22    22    22    23    22    22    20    19    19    20    21    22    22    22    23    23    24    23    23    22    21    21    21    21    20    20    19    20    20    21    20    19    18    17    16    16    17    18    18    18    17    17    18    18    18    18    19    19    18    18    18    17    18    18    19    20
AEALAOAU    250428U09AU QUICKLK       19    20    20    20    21    22    23    24    23    23    25    26    27    27    28    30    32    33    33    33    34    35    36    35    35    34    33    33    33    32    31    32    33    34    36    38    52    64    65    68    78    87    90    84    74    70    70    70    63    55    51    50    48    41    30    30    34    35    32    31    40
AEALAOAU    250428U10AU QUICKLK       29    28    26    24    24    27    28    28    27    29    28    27    26    25    24    22    20    19    19    18    18    16    18    20    18    21    20    17    21    19    14    14    11    10    10    12    13    15    15    15    14    14    14    15    16    16    18    18    21    25    24    25    27    28    29    31    34    36    36    33    21
AEALAOAU    250428U11AU QUICKLK       35    35    34    34    33    33    34    35    35    34    33    32    31    30    29    28    29    32    29    29    29    31    31    32    32    32    32    32    33    34    34    35    35    30    33    31    33    32    33    43    52    54    49    40    36    38    47    53    55    55    50    47    47    47    47    48    49    52    52    42    38
AEALAOAU    250428U12AU QUICKLK       43    41    42    49    55    52    45    42    42    46    46    42    39    39    42    43    45    44    40    38    38    40    42    41    39    34    32    33    36    40    42    41    43    45    44    43    39    35    34    33    36    40    40    38    36    34    35    37    39    38    34    30    27    28    28    27    26    26    26    26    38
AEALAOAU    250428U13AU QUICKLK       29    32    32    31    29    27    25    24    25    26    25    23    22    21    23    25    25    24    23    26    24    25    25    25    25    25    25    25    26    27    26    26    26    24    25    25    26    26    26    26    26    25    25    25    26    27    26    26    27    27    27    26    26    26    26    26    26    26    26    26    26
AEALAOAU    250428U14AU QUICKLK       26    25    25    25    25    25    25    25    25    24    24    24    24    24    24    24    24    24    25    25    25    25    25    25    24    24    24    24    24    24    23    23    23    23    22    22    22    21    21    21    20    20    20    20    20    20    20    20    20    20    20    20    20    20    20    20    20    20    20    19    23
AEALAOAU    250428U15AU QUICKLK       19    19    19    19    20    20    20    20    19    19    18    17    17    16    16    16    17    17    18    18    18    19    20    19    18    19    19    19    20    21    20    20    20    20    19    20    20    20    21    22    21    22    22    21    19    19    18    18    20    20    21    22    23    22    23    23    22    22    22    21    20
AEALAOAU    250428U16AU QUICKLK       22    22    23    22    23    22    22    23    24    25    26    25    25    24    24    24    25    25    24    23    24    24    25    26    27    26    25    24    24    25    26    27    27    28    29    29    28    28    29    29    30    31    32    33    34    35    35    35    35    36    36    36    36    36    37    36    36    36    35    35    28
AEALAOAU    250428U17AU QUICKLK       35    35    34    34    34    34    35    36    36    35    34    33    34    34    34    34    34    34    35    36    37    37    38    37    37    36    35    35    35    34    34    34    33    33    33    32    32    32    32    32    31    31    32    33    33    33    34    34    34    34    34    34    35    35    34    34    34    33    33    33    34
AEALAOAU    250428U18AU QUICKLK       33    33    34    33    34    35    35    35    35    35    35    35    35    34    34    34    35    36    36    36    35    35    34    34    35    35    35    35    35    35    36    36    36    36    36    37    38    37    36    36    37    38    38    38    38    38    38    38    37    37    37    37    37    37    38    39    39    39    39    39    36
AEALAOAU    250428U19AU QUICKLK       39    39    38    38    39    39    39    39    40    40    40    40    40    40    40    39    38    37    37    37    36    36    35    35    35    35    34    35    35    36    37    38    39    40    40    40    40    40    40    41    41    41    41    41    41    41    41    40    40    39    38    36    35    35    35    36    36    36    36    35    38
AEALAOAU    250428U20AU QUICKLK       35    36    37    37    38    38    38    38    38    38    38    37    37    37    37    37    37    37    37    36    36    36    36    35    35    34    34    33    33    34    35    36    36    37    37    36    37    37    37    38    38    38    38    39    39    39    40    40    40    40    41    41    41    41    40    39    39    39    39    40    37
AEALAOAU    250428U21AU QUICKLK       44    40    38    38    40    41    43    46    46    40    42    45    43    43    44    43    42    41    41    40    38    39    36    36    37    37    40    40    39    40    39    38    39    38    38    37    38    39    39    39    38    38    38    39    39    40    41    40    40    39    40    40    39    39    39    41    41    41    41    40    40
AEALAOAU    250428U22AU QUICKLK       39    39    40    40    40    41    42    42    43    43    42    41    40    40    39    38    38    37    38    39    39    40    39    39    37    38    39    42    42    42    40    39    38    37    39    41    42    41    39    39    39    38    37    37    37    36    36    37    37    38    39    40    41    41    41    39    37    36    35    36    39
AEALAOAU    250428U23AU QUICKLK       36    37    37    36    35    35    35    36    36    36    37    37    36    36    37    38    38    38    37    38    37    38    38    37    37    36    36    35    34    35    36    37    38    37    36    35    35    35    36    36    37    36    36    36    36    37    38    37    35    34    34    34    33    34    36    36    34    33    33    33    36
