AEALAOAU    250429U00AU QUICKLK       32    33    33    33    34    34    34    35    36    35    35    36    36    37    37    36    36    36    37    37    37    37    37    36    36    35    35    35    35    34    34    35    35    35    34    34    33    33    33    34    34    34    34    34    34    34    34    34    34    34    35    35    36    36    36    36    36    37    37    37    35
AEALAOAU    250429U01AU QUICKLK       37    36    36    37    37    37    37    36    36    36    36    37    37    37    38    38    38    38    38    38    38    38    38    37    36    36    36    37    37    38    38    38    38    38    38    37    37    37    37    38    38    38    39    40    39    37    36    36    38    38    38    37    36    36    36    36    35    35    36    38    37
AEALAOAU    250429U02AU QUICKLK       38    38    37    37    37    38    39    38    37    36    37    38    38    36    35    35    36    36    37    38    38    38    37    37    36    36    36    35    36    36    36    35    37    39    40    38    37    36    37    38    38    37    36    38    38    39    39    39    38    38    38    38    39    39    40    39    38    38    39    39    37
AEALAOAU    250429U03AU QUICKLK       40    40    39    39    39    38    37    37    37    37    37    36    35    35    36    37    38    37    36    36    37    36    36    37    37    37    37    37    37    37    40    41    42    39    37    34    34    36    38    37    37    38    39    39    37    37    38    39    39    39    40    40    40    39    40    41    40    40    40    41    38
AEALAOAU    250429U04AU QUICKLK       40    40    40    40    37    37    40    39    38    38    41    42    41    40    40    40    40    38    38    40    40    36    36    40    39    37    36    39    38    35    36    38    38    35    35    38    38    36    34    36    37    34    32    35    37    36    35    36    34    32    34    36    32    29    33    34    31    30    33    35    37
AEALAOAU    250429U05AU QUICKLK       34    34    34    32    29    30    33    47    56    59    57    60    71    75    78    92   106   122   127   134   143   154   161   164   169   176   179   180   187   189   194   198   193   187   179   170   165   161   161   163   162   165   167   172   176   184   191   193   194   201   208   210   205   207   209   205   201   200   197   194   144
AEALAOAU    250429U06AU QUICKLK      195   198   196   191   188   185   179   168   158   149   137   127   122   113   103    97    92    87    80    71    67    68    69    70    68    61    57    54    50    46    40    40    40    46    46    44    57    68    75    70    76    82    84    84    81    86    99   101   104   112   112   113   114   104    94    84    68    61    62    70    96
AEALAOAU    250429U07AU QUICKLK       74    69    62    66    82    84   107   106    97    95    92    79    83    84    93   104   113   113   123   129   137   132   136   148   155   154   171   164   155   155   155   159   169   181   181   187   186   192   192   179   167   168   161   157   158   159   154   144   138   138   140   139   144   147   157   174   181   174   163   154   138
AEALAOAU    250429U08AU QUICKLK      141   127   120   121   116   101    89    85    80    80    75    78    90    99   105   108   113   125   124   117   111   106   103   100    94    91    87    90    90    91    96    99   105   104   103   110   118   121   128   129   129   124   116   110   104   111   120   120   117   113   110   101   101    99    98    98    94   102   112   112   106
AEALAOAU    250429U09AU QUICKLK      107    94    85    80    78    69    66    63    70    69    66    57    52    51    56    53    53    55    53    41    31    27    27    26    29    57   101   125   111   105    99   101   109   116   114   112   106    92    80    65    50    40    30    28    23    23    26    29    31    36    43    51    56    57    58    58    56    54    50    49    63
AEALAOAU    250429U10AU QUICKLK       46    45    45    41    38    36    37    38    40    38    39    38    38    41    41    40    39    42    53    60    71    76    82    82    85    88    92   104   114   107    91    72    51    49    60    72    80    80    85    88    93    96    98    98   103   100    89    85    90    96    93    91    79    66    58    47    44    43    70    94    68
AEALAOAU    250429U11AU QUICKLK      108    97    70    53    45    49    59    66    68    60    56    57    56    56    54    56    57    58    59    58    60    58    57    56    54    50    48    48    46    47    47    47    50    62    71    68    54    53    52    50    50    50    50    56    59    54    43    41    39    36    38    36    39    44    39    36    37    37    35    42    53
AEALAOAU    250429U12AU QUICKLK       42    41    43    42    40    44    44    36    35    40    52    57    61    62    65    62    52    47    39    32    27    27    42    57    61    62    55    46    37    33    33    33    32    33    38    48    56    59    57    55    52    49    44    38    36    37    42    52    59    59    50    42    33    33    34    40    39    37    35    32    45
AEALAOAU    250429U13AU QUICKLK       30    28    30    30    32    34    39    41    39    34    27    28    26    24    26    30    33    38    45    54    63    67    63    48    29    25    28    31    29    26    35    40    42    44    49    56    61    62    62    59    53    47    47    52    56    60    61    55    56    54    51    45    44    43    42    44    50    53    55    53    43
AEALAOAU    250429U14AU QUICKLK       49    45    44    44    46    45    46    45    45    45    46    47    46    45    45    48    48    44    40    37    38    38    37    37    36    34    32    32    29    28    29    30    33    34    35    36    37    38    37    37    36    37    36    31    27    28    30    28    28    28    28    25    29    26    28    26    31    42    41    35    37
AEALAOAU    250429U15AU QUICKLK       34    36    39    38    36    40    43    46    47    44    41    43    45    41    38    38    39    40    41    36    32    33    34    35    32    30    32    36    36    30    28    29    32    37    37    33    33    32    37    41    38    33    31    34    38    38    36    34    33    35    37    36    35    34    34    36    38    38    38    33    36
AEALAOAU    250429U16AU QUICKLK       33    33    34    36    37    39    38    37    37    39    41    41    41    40    42    42    43    43    45    46    47    48    47    46    46    49    53    55    57    58    60    63    62    63    63    63    65    60    54    54    55    56    53    50    51    56    64    67    63    59    59    59    61    60    54    52    49    52    52    51    50
AEALAOAU    250429U17AU QUICKLK       47    46    44    48    49    47    48    47    46    45    48    49    47    42    41    45    49    51    52    52    54    57    57    56    58    59    61    58    57    57    60    64    63    61    62    64    69    71    67    67    65    66    68    68    67    67    67    67    69    70    70    70    67    67    67    68    69    69    67    65    59
AEALAOAU    250429U18AU QUICKLK       66    65    64    65    66    65    66    67    68    68    70    71    73    75    76    76    77    77    78    77    75    73    70    68    66    64    62    62    62    62    61    61    63    63    64    67    67    64    63    60    58    56    55    56    56    56    56    57    58    58    59    61    65    69    68    67    68    66    69    73    66
AEALAOAU    250429U19AU QUICKLK       74    72    68    66    62    59    56    56    59    61    63    63    65    66    68    68    68    69    71    72    73    74    74    74    73    67    63    60    59    63    63    61    61    63    69    73    77    78    78    75    76    76    76    74    68    66    67    69    72    76    73    69    68    69    66    64    63    62    61    60    68
AEALAOAU    250429U20AU QUICKLK       60    58    58    58    60    64    64    63    63    63    58    56    58    57    57    56    55    59    72    80    86    85    81    78    80    81    72    62    56    54    53    47    42    42    42    41    41    41    43    44    45    47    48    49    49    49    51    55    58    62    64    66    64    60    56    54    57    55    50    46    58
AEALAOAU    250429U21AU QUICKLK       44    43    42    41    38    36    34    33    30    28    36    38    33    33    40    43    38    37    45    49    47    37    32    33    36    36    35    37    38    36    32    31    29    29    26    28    28    28    28    28    29    30    30    30    32    33    28    27    29    31    32    32    31    30    30    31    32    32    32    31    34
AEALAOAU    250429U22AU QUICKLK       31    31    32    33    33    33    33    33    33    34    34    32    31    31    29    27    28    31    34    37    38    37    41    40    40    39    36    37    34    33    32    28    28    28    29    30    31    31    29    29    30    30    29    31    31    31    30    31    30    29    29    28    28    30    30    31    31    32    31    32    32
AEALAOAU    250429U23AU QUICKLK       34    35    35    36    36    37    37    37    37    37    37    37    37    37    36    34    34    34    34    34    33    33    34    33    33    33    34    34    34    35    37    38    39    39    39    38    37    37    38    38    37    38    38    39    40    40    39    38    36    37    41    44    46    47    48    48    47    49    50    52    38
