/ctipe/running/near-real-time/results/2025-09/2025-09-27-startup.nc
/ctipe/running/near-real-time/results/2025-09/2025-09-28-startup.nc
/ctipe/running/wrapper/moddta/wam_ctipe_m09.nc
10
/ctipe/running/near-real-time/results/2025-09/2025-09-27-plot-neutral.nc
10
/ctipe/running/near-real-time/results/2025-09/2025-09-27-plot-height.nc
0
/ctipe/running/near-real-time/results/2025-09/2025-09-27-plot-plasma.nc
10
/ctipe/running/near-real-time/results/2025-09/2025-09-27-plot-density.nc
T
T
T
F
T
F
F
T
F
T
T
T
F
T
T
F
T
0
0
0
0
0
0
0
0
0
0
0
0
0
0
0
1
0
0
0
0
0
0
0
0
0
0
0
1758931200
1987
270
25270
2
162
f f 24 96
5
1
5
5
35.
10000.
13.
1
1440
720
60
60
15
1.3
3
3.17157689485845 229.731816598917 0 392.4 0.07 6 21.5760934136544
130.
200.
10
1
18.
7.
7.
7.
7.
7.
7.
48
0
1
3.
3.17157689485845 229.731816598917 0 392.4 0.07 6 21.5760934136544
3.32520676048874 230.613605029523 0 396.4 0.03 6 21.8489487255563
3.38793447398264 226.315538241517 0 397.9 0.11 6 23.0030982496609
3.62049720342386 225.447614170861 0 399.6 0.06 6 23.9040828737899
3.66083323848547 219.124226329795 0 401.1 0.06 6 25.3144846490359
3.44425608803991 217.568592028827 0 398.5 0.08 6 24.8008300382267
2.67824569447988 221.367049260512 0 399.8 0.07 6 21.4410479718776
2.56204996048086 220.091904438255 0 400.9 0.04 6 21.1885095502408
2.80601140411082 217.033249390029 0 396.8 0.03 6 22.4583351271424
2.78195974090209 213.118842389641 0 394.7 0.04 6 22.8727428212445
2.578410362995 215.847660950598 0 395.1 0.05 6 21.7641832611877
2.50459577576902 214.261102899095 0 396.9 0.04 6 21.6744645367581
2.57992247945554 209.744881296942 0 397.9 0.03 6 22.4658146741499
2.65919160648495 203.962488974578 0 400.7 0.03 6 23.3715220142241
2.4671035649117 209.370404410219 0 394.7 0.05 6 22.0414285265557
2.60317114304842 229.518071389621 0 419.5 0.11 6 20.1245930075883
2.54401257858526 233.310277167524 0 399.6 0.04 6 19.1262774714155
2.59886513693958 235.820759476178 0 400.9 0.04 6 18.8551762169075
2.50798724079689 246.501434324048 0 401.3 0.05 5 16.720226388449
2.61354165836323 249.623564786164 0 401.3 0.05 5 16.300226388449
2.55738147330429 249.155511645289 0 394.5 0.04 5 16.24470762082
2.55738147330429 249.155511645289 0 397.1 0.03 5 16.2537082967899
2.64168506828501 249.850120981551 0 398.3 0.03 5 16.2618679431147
2.94015305724039 261.787219810714 0 401.4 0.08 5 14.0411980240789
2.96445610525776 262.635253755017 0 403.0 0.12 5 13.9019914506933
2.91046388055238 255.677280021796 0 398.2 0.05 5 15.3922021458707
2.86272597361326 254.604450746005 0 399.7 0.03 5 15.5713881393201
2.82681799909368 244.432084810257 0 403.8 0.03 5 17.7459391523011
2.90998281781869 240.792403528857 0 397.5 0.04 5 18.6452375005
2.90946730519523 250.942295489872 0 415.8 0.18 5 16.7121717937851
2.82065595207923 236.422608394672 0 400.8 0.05 6 19.3301145890773
3.59736014321613 266.33424970737 0 420.9 0.12 5 13.3311916588291
3.41298989157601 260.896461702372 0 408.5 0.35 5 14.9022956129083
3.34941785986759 256.005245141414 0 407.6 0.33 5 16.1363368857803
3.20351369592827 251.056020132219 0 404.7 0.34 5 17.1951341802319
3.41369301490336 253.316832022462 0 406.6 0.40 5 16.9860269152747
3.72474160177589 257.754832446606 0 402.9 0.56 5 16.2128195973232
3.73048254251377 256.671535749406 0 401.3 0.62 5 16.5786738834343
3.45861243853659 256.285188108122 0 403.3 0.53 5 16.3292881188847
3.46975503458097 254.281427061059 0 403.7 0.39 5 16.7657000653955
4.15250526790756 250.736000274988 0 402.3 0.43 6 18.7966734859441
4.13237220008072 259.261102899095 0 401.2 0.66 5 16.1936263633301
4.17378724901018 262.704714376666 0 399.7 0.71 5 15.1037415194638
4.22035543526846 261.140299140854 0 399.1 0.61 5 15.5690399350389
3.89317351270143 265.285245481295 0 399.3 0.72 5 14.1286990592443
3.88464927631826 267.196518295486 0 400.5 0.71 5 13.524942250955
3.78565714242587 263.325530952882 0 400.6 0.54 5 14.5404883435781
4.0709949643791 271.26677638774 0 396.9 0.71 5 12.1829121941235
4.19886889530978 277.802039839043 0 396.9 0.87 4 10.0834370078227
3.66890991985358 285.816689761334 0 402.7 0.62 3 7.9118980857916
3.76818258580977 277.011858274475 0 404.8 0.46 4 10.3055852250795
2.10038091783372 271.091216225263 0 405.7 0.47 5 12.2826325914126
2.43977457975117 278.960417840414 0 405.9 0.48 4 10.7069102323296
1.04938076978759 352.333195738186 0 406.5 0.03 3 7.217638418735
3.05368629692049 309.685454330055 0 410.9 0.21 3 3.17034652219087
3.52661310608351 291.107497691973 0 412.2 0.49 3 6.61884289211387
4.18240361514763 295.339659874704 0 403.5 0.83 3 4.423418028535
4.39605504970081 303.400879927364 0 395.1 1.30 3 3.765431457546
4.30815505756234 300.553204629064 0 395.9 1.57 3 4.01129347265807
4.18669320586068 295.463345061872 0 399.5 1.38 3 4.82462460615667
4.12234156760451 294.202396008907 0 400.0 1.10 3 5.094592
4.17885151686441 298.282183390802 0 401.6 0.85 3 3.534990094592
4.03707815133668 301.012436027168 0 400.0 0.95 3 3.51411733333333
3.89781990348451 292.156262087672 0 402.4 0.78 3 5.8601762680576
3.81922767061614 296.766323579298 0 400.8 0.89 3 4.77577301890987
3.90190978880855 301.6940807592 0 406.0 0.65 3 3.30402683613333
4.23624834021803 305.003100411051 0 403.2 0.80 3 3.413106622464
4.21004750567022 306.597710717107 0 402.1 0.81 3 3.41083669591487
4.27066739515032 300.227465762233 0 403.0 0.79 3 3.40199927262
3.99941245684913 303.88873448123 0 404.4 0.65 3 3.288661189328
4.09316503454234 299.571258254104 0 404.3 0.69 3 3.32415487519353
4.26213561492358 296.023973856612 0 402.9 0.85 3 4.06194641260367
3.98468317435653 296.6936610161 0 403.0 0.80 3 4.39105411573333
3.99782440835012 299.193806399322 0 404.0 0.69 3 3.55455535434667
4.68187996428785 289.9831065219 0 403.0 0.79 3 5.26866593928667
4.66061154785507 290.340215830428 0 402.5 0.99 3 5.35087312404167
4.50422024328296 289.722277764447 0 401.6 0.95 3 5.771577164544
4.56697930803283 290.776299565873 0 402.6 1.00 3 5.36102104925333
4.06020935420823 284.549632770122 0 397.0 1.19 3 8.26568002648666
4.09703551363666 281.83103816765 0 403.2 0.74 3 8.77205695911253
4.2304255105131 281.867731897566 0 402.1 0.88 3 8.74727114288693
4.31177457666794 285.744615080662 0 400.6 0.97 3 7.41188955543973
4.22990543629524 283.674864329653 0 400.2 0.95 3 8.18296499586267
4.64246701657642 292.145180038223 0 400.5 0.86 3 4.60575164669667
5.11649293950456 300.022676839019 0 393.6 1.08 3 3.5568348717056
5.14861146329765 301.498145375262 0 389.8 1.21 3 3.6237044585928
5.19432382509986 306.230117689322 0 389.3 1.25 3 3.651541833225
5.16953576252259 305.473257109077 0 389.2 1.24 3 3.6418872893312
5.15800348972352 306.803248843591 0 389.5 1.27 3 3.670877388235
5.17078330623127 305.872586357892 0 390.8 1.33 3 3.73781606569707
5.12228464652249 306.265864559164 0 392.4 1.28 3 3.7148509925376
4.94765601067819 308.352352792407 0 391.6 1.26 3 3.68794208262187
4.91919708895669 309.969613739982 0 386.5 1.17 3 3.55110799693167
5.03978174130587 308.393483338389 0 384.9 0.96 3 3.3589355568832
5.05547228258646 308.252708855684 0 386.7 1.17 3 3.5534500686346
5.03071565485468 310.243046272301 0 385.9 1.19 3 3.56069035303713
4.95036362300791 311.806550726717 0 388.4 1.14 3 3.54814681414613
4.67386349822072 325.459909092929 0 384.6 1.14 3 3.5041437189008
4.7246693005966 320.582605756531 0 383.8 1.19 3 3.53596630920453
4.81581768757913 314.242831134941 0 383.8 1.23 3 3.56881671735707
4.86564486990163 311.750888439279 0 385.4 1.16 3 3.5299547118752
4.8692709926641 310.001427582532 0 385.8 1.21 3 3.5761085258248
4.77648406257155 307.685611584298 0 386.1 1.16 3 3.5381140907112
4.72230875737705 306.214701282115 0 385.2 1.28 3 3.6268961378304
4.72128160566599 308.20493897898 0 383.9 1.43 3 3.7343474910126
4.78474659726092 309.912895145653 0 385.1 1.31 3 3.6504847464102
4.67052459580292 312.74406003634 0 386.1 1.40 3 3.737585971548
4.57665816945072 311.456797336525 0 385.6 1.21 3 3.5737343959552
4.54762575417107 316.158232771025 0 386.1 1.19 3 3.5630480758158
4.79091849231439 312.716149723672 0 382.9 1.00 3 3.37007972322
4.63939651247875 313.952023353994 0 387.1 1.18 3 3.5664902144396
4.53971364735707 314.643021569268 0 386.7 1.04 3 3.4450667276752
4.29893009945498 326.383862471072 0 386.8 1.04 3 3.44618189645653
4.20475920832573 325.856413348062 0 381.9 0.86 3 3.2453081757932
4.255925281299 324.853573839681 0 381.0 0.87 3 3.24410923694
4.3261183525188 323.55391916058 0 380.5 0.86 3 3.23085707896333
4.46806445790568 322.822339264822 0 381.2 0.77 3 3.1651649000096
4.33295511169917 325.246304603779 0 381.8 0.76 3 3.16300300592747
4.44886502380101 325.809857321412 0 381.9 0.78 3 3.1802562524636
4.44886502380101 325.809857321412 0 385.7 1.07 3 3.4588037666406
4.56097577279248 315.444144433112 0 387.4 1.09 3 3.4947123001128
4.53962553521763 315 0 390.5 1.14 3 3.57254306350333
4.48900879927852 309.576781403227 0 391.2 1.19 3 3.6233493411712
4.41942303926655 314.908326831007 0 390.3 1.25 3 3.663641662225
4.47969865057908 325.458540835508 0 390.3 1.05 3 3.493778996269
4.58573876272951 317.297672261204 0 384.4 1.04 3 3.41944985257813
4.56858840343492 319.616352093551 0 390.6 1.02 3 3.4716318523824
4.58995642680843 321.457161531377 0 387.8 1.18 3 3.57472547021707
4.69200383631557 312.667976318377 0 391.8 1.31 3 3.7331687820248
4.53812736709758 307.299166057853 0 394.0 1.28 3 3.73449699669333
4.38214559319975 303.835119822451 0 395.9 1.26 3 3.74039688463853
4.31764982368881 299.711962151175 0 394.7 1.50 3 3.93418913000333
4.43497463352385 303.224258443215 0 393.3 1.79 3 4.1657314838502
4.35091944306028 300.986340598509 0 393.4 1.85 3 4.21895477114533
4.18813801109753 322.664960590305 0 395.5 1.66 3 4.08434442283
4.41714840140107 339.595771540945 0 392.8 1.06 3 3.5305088115968
4.25197601122114 300.062445084391 0 388.1 1.09 3 3.50267792775247
2.85819873346834 249.09201952899 0 389.1 1.47 5 17.9281586164027
3.58708795543126 187.045769124867 0 388.8 0.25 6 28.7493660957867
4.19305377976482 177.813156864284 0 387.7 0.10 7 31.5551368878847
4.30376579288418 177.60297146994 0 391.5 0.09 7 32.086908949605
3.94126883122682 181.453895465109 0 389.4 0.16 7 30.4512641521792
3.55140817141595 181.613538932881 0 388.7 0.17 6 28.6345352531666
3.87129177407232 178.519818279438 0 387.3 0.11 7 30.0673271244731
3.06026142674119 179.251078217176 0 383.4 0.10 6 26.2512882578853
2.12249852767911 254.981639368849 0 389.4 1.53 5 15.7894634552136
3.41071839939916 305.693903115826 0 394.3 1.61 3 4.0708989723538
3.75133309638054 302.037762848328 0 388.0 1.41 3 3.81679283701333
4.01429944074928 302.383617610077 0 389.3 1.33 3 3.71913917721807
3.7884561499376 283.742797739157 0 392.9 1.27 3 8.8457131122094
3.5174138226828 289.774354301876 0 395.6 1.16 3 7.4294752075392
3.80737442340519 290.767402808104 0 397.1 1.08 3 6.63016535110427
3.8120335780263 294.817130872427 0 395.9 1.02 3 5.3973371605804
3.80447105390487 315.638959898992 0 395.6 1.02 3 3.52732015375573
4.0029239313282 329.527197857081 0 394.9 0.99 3 3.49342314454247
3.94716353854258 325.424193377339 0 394.3 1.05 3 3.53881817037567
4.12225666352788 322.490729123854 0 390.7 1.38 3 3.77912265486707
3.79473319220206 325.304846468766 0 392.4 1.15 3 3.603248938608
3.53656613115038 327.118760334725 0 396.1 1.07 3 3.57664177741073
3.60118036204798 334.858153669555 0 401.6 0.88 3 3.46863288224427
3.52596086194955 331.54516452221 0 398.7 0.82 3 3.3847368153636
3.21647322388979 332.000861681099 0 397.9 0.83 3 3.38531709592593
3.06528954586675 319.763641690726 0 400.6 0.91 3 3.4848723320792
3.02200264725231 306.794059464438 0 400.5 1.02 3 4.46883722437667
3.0926040807061 346.727654993004 0 402.7 0.74 3 3.35372782282653
3.310377621964 359.134570662719 0 402.6 0.53 3 3.1629544894376
3.49902843658065 349.460816271372 0 401.4 0.51 3 3.1341374035032
3.93600050813005 323.159216060752 0 394.5 0.88 3 3.39356765804
3.91065211953198 321.019851268649 0 385.4 1.35 3 3.68729786870533
4.00244925014671 314.39264699519 0 384.5 1.32 3 3.65135478279333
3.88525417443956 319.174769891912 0 385.7 1.21 3 3.57492139342847
3.88603911457412 317.607296217156 0 385.0 1.19 3 3.55008716883333
3.69153084776492 326.266885314942 0 382.8 1.16 3 3.4997039378048
3.69709345297086 326.138002668947 0 387.7 0.96 3 3.38918079035947
4.13917866248849 318.918248864067 0 385.7 1.23 3 3.59150962582673
4.20556773813001 312.108730403779 0 385.9 1.33 3 3.6769284337866
4.16941242862828 310.720536469755 0 384.4 1.43 3 3.74074354729493
4.27846935246707 314.147728954338 0 385.7 1.28 3 3.6329802068224
4.30034882306075 313.680922384491 0 384.8 1.43 3 3.7458632625024
4.24976469936866 315.285999851795 0 386.4 1.39 3 3.7330706392448
4.22143340584688 315.095972740246 0 386.2 1.42 3 3.7554867228016
4.2073388263842 315.288883835281 0 386.2 1.37 3 3.71390855181093
4.13658071358459 314.902058591955 0 387.7 1.40 3 3.75791643038533
3.53 309.59775270905 0 386.6 1.41 3 3.75226781559653
3.66576049408578 309.465362637986 0 384.0 1.32 3 3.64519358464
3.45475035277515 321.935922053558 0 374.2 0.91 3 3.2050942192408
3.51809607600475 323.553542702572 0 375.2 0.90 3 3.20771432904533
3.46208029947314 325.116443050038 0 377.0 0.88 3 3.21065989850667
3.45305661696996 332.396020069381 0 372.6 0.88 3 3.1651444322496
1.64757397406004 8.37600547742668 0 376.3 0.80 3 4.866914631184
1.81868084060948 8.21920924889906 0 369.7 0.50 3 3.77901295555667
2.0916261616264 351.753679185531 0 367.3 0.39 3 2.74201072865687
1.47322774885623 318.301865674435 0 372.8 0.76 3 7.27422612363947
1.69664374575218 293.996777288566 0 366.3 0.71 3 9.08646601318913
1.79337670331696 296.136412444376 0 368.7 0.71 3 8.64278211700247
1.46478667388804 235.007979801441 0 372.5 0.61 5 16.208570197625
1.8895766721676 203.716189451367 0 379.6 0.29 6 20.1703147293088
1.7252536045463 201.061354461213 0 375.9 0.19 6 19.5023484987105
1.841656862719 190.638766609507 0 372.4 0.24 6 20.4482339560875
1.97517087868366 192.277098051108 0 378.2 0.32 6 21.1165234585856
2.29314194937862 197.2496880043 0 385.1 0.39 6 22.4431315911705
2.01853907566834 211.012436027168 0 385.8 0.43 6 20.3354986221251
3.03911171232648 238.454252180703 0 385.4 0.92 6 20.0845387944757
2.80765026312039 226.010148364272 0 387.9 1.87 6 22.5880770649147
3.14085975490788 219.315077012894 0 369.2 0.29 6 23.3550568368885
2.93615394691763 220.580128861145 0 370.8 0.44 6 22.5492896115072
3.25121515744498 197.5432577154 0 375.9 0.54 6 26.7314115226508
3.43582595601116 176.662916763245 0 377.0 0.26 6 28.05936163668
3.8514932169225 166.180238296055 0 376.8 0.27 7 29.5123921904683
4.04820948074578 169.467288176858 0 376.5 0.28 7 30.6379551591267
4.15996394215142 165.095199007396 0 384.7 0.19 7 30.8147721127915
4.3081318457076 164.931511840508 0 385.2 0.17 7 31.4553013099723
4.31778878594125 164.966009553231 0 382.6 0.20 7 31.5072265362507
4.36482531151019 153.611062344652 0 385.6 0.24 7 30.3496222493355
4.46430285710994 164.407189060734 0 384.1 0.29 7 32.1992045987391
4.27468127466832 177.318316843579 0 380.7 0.31 7 32.0484945521998
4.22473667818481 182.713409445033 0 378.6 0.31 7 31.7984053076259
4.31789300469569 186.516035018409 0 374.3 0.31 7 32.0908098155598
4.31481169925178 190.684912400003 0 379.6 0.35 7 31.9318511100853
4.08221753462502 190.016110322107 0 378.3 0.34 7 30.8866162445625
3.91214774772119 193.752075781774 0 372.4 0.32 7 29.7967563858944
3.81162694921735 187.386043151267 0 372.3 0.34 7 29.7180791603545
3.79269033800546 189.561664595712 0 376.5 0.31 7 29.5416646404617
3.38362231934949 190.21397298507 0 380.1 0.22 6 27.5845437545057
3.41480599741772 196.152821388781 0 378.1 0.23 6 27.3439875868259
3.19025077384208 338.098539778008 0 387.5 0.80 3 3.25307025
4.27328913133666 344.109855556891 0 387.5 0.94 3 3.37027421041667
4.40254471868259 342.552811576718 0 385.2 1.02 3 3.4118078598336
4.16480491740009 343.827840984217 0 384.0 1.27 3 3.60408776704
3.96011363473323 0.43405063213941 0 382.6 1.02 3 3.38312200154507
4.03060789459853 359.004888018409 0 381.5 0.71 3 3.119460389395
3.81221720262631 1.95421595735969 0 379.8 0.65 3 3.054750088692
3.51757018409015 12.8114857955299 0 381.0 0.52 3 2.96084690024
2.89430475244056 15.4287417458963 0 383.3 0.33 3 2.82564352228873
3.0680612770934 17.2537599095954 0 379.7 0.30 3 2.77247557106733
2.95296461204668 8.56914187983764 0 381.9 0.44 3 2.9037855783128
2.45165250392465 272.103796946851 0 380.2 0.47 5 11.8267851292963
3.5095583767762 222.921629754638 0 385.4 1.01 6 24.7324030968339
3.19864033614284 218.016376842444 0 393.8 0.95 6 24.5400499626893
3.81095788483683 221.59608295957 0 385.9 0.97 6 26.0113638451927
3.86160588356709 219.957548930829 0 385.4 1.02 6 26.5606843156144
3.81561266378022 219.363364124872 0 385.8 1.12 6 26.6014227677056
3.88212570636243 220.089024153349 0 385.5 1.07 6 26.6498836314683
3.56534710792652 221.019631813481 0 380.2 0.87 6 25.1224887854349
3.6390108546142 219.200782370902 0 382.3 0.91 6 25.7835165116571
4.02800198609683 216.926795124175 0 385.4 0.90 6 27.6746430235813
3.87800206291848 205.507809626847 0 387.1 0.78 6 28.8989794072849
3.85135041251767 205.36740446247 0 388.8 0.75 6 28.7974316206933
3.97412883535499 210.048882268078 0 388.8 0.77 6 28.6276209083563
4.03744969008903 210.184932394699 0 387.7 0.77 6 28.8499540367119
4.07707002637924 213.495184673741 0 387.8 0.81 6 28.4644923425501
4.19687979337031 212.7434289606 0 387.5 0.76 6 29.0262500708333
4.18001196170537 216.732826664489 0 387.2 0.79 6 28.2083415522645
4.15740303554996 218.358480861988 0 385.2 1.03 6 27.9667471525771
3.52932004782791 223.737171311539 0 389.7 0.95 6 24.6357022034243
3.12313944613429 214.300656625696 0 379.6 1.25 6 24.9082301550667
4.02349350689174 224.697916088152 0 386.2 0.97 6 26.0612831838856
3.86587635601554 227.935673446421 0 390.9 0.80 6 24.707541280016
3.91812455136383 228.621484704117 0 390.7 0.82 6 24.7225318190756
3.99370755063512 229.569876376073 0 390.8 1.05 6 24.9193986483573
4.11850701104174 229.036556185654 0 390.1 1.11 6 25.4757718762462
3.97754949686362 235.550827792101 0 389.0 1.31 6 23.5318678367533
4.12972154024941 239.274181383803 0 389.3 1.35 6 22.9160385132163
4.22916067323056 229.795463836587 0 388.2 1.21 6 25.6779735135901
4.27176778395081 223.861822992512 0 386.0 1.09 6 27.1854655782133
4.26596999520625 223.195257453304 0 386.3 0.96 6 27.2207143497408
4.30332429640156 230.279665053593 0 387.1 0.96 6 25.5493592705045
4.34839050684273 229.570206303055 0 387.1 1.04 6 25.9428614319355
3.5095583767762 222.921629754638 0 385.4 1.01 6 24.7324030968339
3.19864033614284 218.016376842444 0 393.8 0.95 6 24.5400499626893
3.81095788483683 221.59608295957 0 385.9 0.97 6 26.0113638451927
3.86160588356709 219.957548930829 0 385.4 1.02 6 26.5606843156144
4.43630476861092 233.801708323208 0 388.6 0.95 6 24.9505009871373
4.32924935756766 231.753574035531 0 389.4 0.97 6 25.2560389225864
4.27654065805529 232.21902082487 0 388.9 1.09 6 25.0717887947338
3.73180921270099 239.036243467926 0 388.0 1.18 6 21.8704129179733
3.66324992322391 239.304480176348 0 391.4 1.03 6 21.5490639467363
3.69716107303969 236.69676981858 0 394.4 1.02 6 22.3205956961024
3.52574814755677 237.391706910425 0 395.4 0.99 6 21.6989375399128
3.45441746174373 239.946526824283 0 395.3 0.93 6 20.8522283123754
3.31440794109597 236.693496816057 0 395.0 0.94 6 21.2776979003333
3.42807526171757 236.541710253053 0 395.3 0.95 6 21.6163192438243
3.84005208298013 232.831689534161 0 394.8 0.95 6 23.617560168496
3.91695034433678 230.906141113771 0 391.6 0.94 6 24.2743483261888
4.11885906532379 236.888658039628 0 383.4 1.56 6 23.6678301563445
3.71488896200142 249.516161143593 0 383.8 1.54 6 19.2234073805392
3.73363094051889 237.24633285968 0 391.6 1.02 6 22.2427467652971
3.80591644679701 242.963666318363 0 390.3 1.07 6 20.9174319295313
4.01124668899832 248.80866140563 0 378.3 1.44 6 19.7709629181472
3.96868996017578 251.793320007231 0 381.1 1.55 6 18.9157727468043
3.81466905510819 246.19001473638 0 385.8 1.28 6 20.1541974488064
3.14726865710571 223.841366911915 0 368.4 0.98 6 23.1242093539563
3.02074494123552 223.256170655098 0 364.9 0.82 6 22.6414074752644
3.25493471516711 234.503247757861 0 370.8 0.93 6 21.3382409212917
3.61553592154745 247.904315856699 0 377.4 1.35 6 19.268033601292
3.64116739521819 246.532805203257 0 379.8 1.52 6 19.8544309766336
3.4114073342244 236.35651439832 0 380.3 1.33 6 21.7611119154474
3.41282873874445 239.151410708829 0 383.4 1.33 6 21.1460004965416
3.22942719379149 234.833563964207 0 382.1 1.32 6 21.6351479240371
3.5025847598595 256.796946667351 0 380.4 1.08 5 16.4739825075243
3.58113110622887 271.440093361796 0 380.0 1.44 5 12.6059791786667
3.82179277303205 274.502189492041 0 384.4 1.77 5 11.9541790760224
4.03585183077873 284.346133484389 0 382.9 1.66 3 8.57623900721187
4.01991293438054 289.471659375545 0 384.6 1.79 3 7.1201905761688
3.79195200391566 289.247261575358 0 380.4 1.80 3 7.488193068096
3.84689485169533 303.979229062709 0 382.5 1.80 3 4.0182710025
3.58420144523156 306.26243167461 0 380.3 1.64 3 3.8577470235592
3.79953944577497 294.406514720718 0 381.2 1.61 3 5.85237509395947
3.85622872765608 306.245850036463 0 382.2 1.67 3 3.9080932157176
3.88108232327015 346.894731009781 0 385.2 1.28 3 3.6268961378304
3.62270617080657 334.142268191466 0 382.2 0.95 3 3.321705721516
3.33654012414057 330.361616311849 0 380.3 1.05 3 3.38200063500233
2.95177912452812 336.648485171068 0 384.0 1.15 3 3.5054338048
3.17064662174768 327.362492415714 0 383.6 1.03 3 3.40234997003627
2.86803068323894 320.092115124499 0 382.1 1.01 3 3.3694742954122
3.13765836253726 324.993020068227 0 383.2 1.25 3 3.57803471093333
3.04731028941918 309.540760551516 0 387.3 1.16 3 3.8321163429288
3.73363094051889 237.24633285968 0 391.6 1.02 6 22.2427467652971
2.46916990099912 324.893920669735 0 385.7 1.74 3 4.01450955198253
2.78603661138902 7.83926333180543 0 373.9 0.59 3 2.95253529089713
2.79078841906727 349.052439374222 0 372.0 0.83 3 3.12037565024
3.04217027794303 341.207701676514 0 379.1 1.08 3 3.39270398439493
2.54017715917611 323.806792694435 0 376.6 1.02 3 3.31721730797707
3.21959624797893 252.465500094079 0 389.5 0.77 5 17.1079597813183
3.7155484117422 261.019356625745 0 393.0 0.98 5 15.50388256484
3.48143648513081 271.645977497564 0 393.1 1.23 5 12.5470311433259
3.72065854386021 268.921980836889 0 393.1 1.22 5 13.3317490473097
3.81996073278247 264.140160574599 0 393.2 1.20 5 14.8090442547627
3.77478476207585 267.11485534678 0 388.6 1.01 5 13.6610168389565
3.86016839010943 265.840357706287 0 383.7 0.77 5 13.8300408686746
4.1268389840167 278.640606413824 0 392.4 1.14 4 10.0346641652288
4.2991743393354 276.6786935688 0 391.8 1.40 4 10.810195644912
4.25967134882493 281.098899249642 0 393.2 1.71 4 9.6019880630368
4.20985747977292 287.272834695545 0 385.2 1.34 3 7.1765318942912
4.18379014770101 288.82471001824 0 374.5 0.58 3 5.98352629842333
4.21275444335413 296.504227654795 0 397.4 2.06 3 5.0231516515952
4.12012135743597 312.245625769393 0 390.3 1.52 3 3.8929562612656
4.02304610960401 319.73855231289 0 397.3 1.75 3 4.188756367315
4.05097519123482 318.202020583322 0 392.8 1.68 3 4.06385044353707
4.19952378252582 325.477423596005 0 394.7 1.95 3 4.32504586900433
4.25264623499298 325.151467294512 0 394.4 1.86 3 4.24241960269653
4.1893674940258 335.759782810342 0 389.6 1.87 3 4.17985746299307
4.17714017002063 346.99510225009 0 387.5 1.40 3 3.7553729375
3.72210961687052 342.003158199797 0 385.0 0.78 3 3.21126161766667
3.97915820243428 324.512537602279 0 387.5 1.13 3 3.529336728125
4.37224198781357 335.545199908429 0 397.0 1.83 3 4.25472922840667
4.47362269307549 338.769388859954 0 393.3 1.57 3 3.9759991227066
4.33139700327735 1.4552379783359 0 384.1 1.03 3 3.4078875978206
4.44086703246112 26.3342537163925 0 377.0 0.59 3 2.98085909862
4.27263384810821 40.0631170629905 0 409.4 1.34 3 3.9815264517808
2.78603661138902 7.83926333180543 0 373.9 0.59 3 2.95253529089713
4.23798301082012 33.3525962874306 0 402.1 0.23 3 2.88799889719393
4.10599561616912 35.0834738790927 0 381.0 0.32 3 2.79898270784
4.07569625953652 15.3660852128234 0 396.6 1.24 3 3.7314215681248
4.24185101105638 5.81811499957645 0 387.1 0.96 3 3.38269260383787
4.29563732174866 357.064326553579 0 381.2 1.11 3 3.44062299438613
4.41517836559295 351.796488615528 0 378.9 0.98 3 3.3104154228036
4.32902991442656 349.754343365047 0 378.5 0.88 3 3.22621995542667
4.24972940315028 350.382525189939 0 383.2 0.99 3 3.36517415772587
4.22291368607032 336.409466859672 0 386.6 1.29 3 3.65227339157413
4.22927889834662 321.721029575638 0 386.1 1.65 3 3.945369180753
4.25179961898488 326.123058448105 0 383.0 1.59 3 3.85369904675333
4.31157743755113 330.700157522277 0 377.2 1.24 3 3.4983060095872
4.31667696266468 321.112170672361 0 385.7 1.64 3 3.9315683899912
4.45835171335775 323.849796141182 0 386.9 1.77 3 4.05654103596073
4.33672687634349 318.739503362931 0 386.9 1.71 3 4.00646619858353
4.32936484949005 313.315315682104 0 382.4 1.54 3 3.80486400242347
4.45533388198909 315.909380449199 0 375.6 1.11 3 3.3770617944032
4.29228377440262 315.471947971072 0 391.0 1.88 3 4.20910823309333
4.2231386432368 313.36890266184 0 388.0 1.83 3 4.12264602250667
4.39294889567361 297.965076655522 0 384.6 1.68 3 3.9494749541696
4.3280711639251 298.87459102146 0 374.5 1.13 3 3.38026100669833
4.14673365433566 307.947693992159 0 386.1 2.26 3 4.4523602112132
4.1547683449261 297.058436436871 0 391.0 2.65 3 5.37876071863333
4.16923254328659 292.567009077875 0 386.9 2.41 3 6.45733930131753
4.21028502598102 289.855214369321 0 381.0 2.00 3 6.818641924
4.27480993729546 285.46671479305 0 376.1 1.73 3 7.88500979451193
4.30081387646571 283.034558074755 0 380.9 2.15 3 9.08512678130967
4.4148046389393 281.895342101603 0 388.7 2.34 4 9.6491323082932
4.41838205681673 276.497715361676 0 384.6 2.36 5 11.5102624356192
4.34673440642513 279.267291941757 0 385.4 2.02 4 10.3088061936677
4.39089968002003 276.801314823982 0 370.8 1.15 4 10.2602190603787
4.39496302601057 281.284365416586 0 393.1 2.47 4 10.0686777160014
4.10599561616912 35.0834738790927 0 381.0 0.32 3 2.79898270784
4.49360656933826 264.124472611779 0 379.2 2.34 5 15.8839590433792
4.56881822794473 260.042872278092 0 391.7 2.27 5 17.5731303880326
4.61342605879839 256.716812266328 0 386.3 2.20 5 18.6857203848227
4.56028507880812 250.929340460055 0 388.8 2.37 6 20.8760972547243
4.51212810101841 239.058020654074 0 388.2 2.17 6 24.5712307364936
4.56097577279248 225.444144433112 0 388.0 1.68 6 28.2634127419733
4.29074585590897 234.198431293819 0 386.3 1.53 6 24.8949509948994
4.10440007796511 239.874191360343 0 389.0 1.84 6 23.0923436282133
4.16062495305693 239.366883207818 0 394.1 2.10 6 23.672456858442
4.18226015450976 246.315711215975 0 390.6 1.98 6 21.4615598703109
4.24876452630644 244.038040017303 0 386.2 1.67 6 21.9767109110883
4.117001335924 247.733411726688 0 387.0 1.77 6 20.6713047467933
4.10621480198004 253.153741025748 0 391.2 1.77 6 19.0048921573163
4.19318494703012 251.65147008517 0 393.5 2.28 6 20.0849841865267
4.01568176029924 249.443954780417 0 389.7 1.77 6 20.0099995439239
4.13556525761594 245.728035235854 0 386.2 1.63 6 21.1967817076291
3.98559907667593 250.201123645475 0 373.6 1.49 6 19.2835002357035
4.29470604349122 241.943208387549 0 382.8 1.96 6 22.9132928604288
4.06315148622347 247.727246470666 0 387.1 1.72 6 20.5376298040984
4.15077101271559 247.327044092809 0 384.8 1.77 6 20.8265487002069
4.04624517299681 249.90801227141 0 379.4 1.60 6 19.6333937948587
3.34762602451349 303.547659088048 0 388.4 1.90 3 4.88735580135467
3.39649819667257 289.075098492446 0 394.0 2.04 3 8.54560458848
3.49040112308027 286.306167391163 0 392.5 1.90 3 9.00860506375
3.13129366237023 303.537820463104 0 391.5 1.63 3 5.262906531735
3.24376324660108 311.750888439279 0 389.3 1.23 3 3.63464249722673
2.92714878337265 305.264626104495 0 392.7 1.37 3 5.24257964643327
2.84717403753266 301.792071537221 0 395.8 1.29 3 6.0987099452552
2.68570288751381 300.671060332338 0 396.4 1.54 3 6.9318123563328
2.73470290890985 308.168994050648 0 398.8 1.34 3 5.2935234493632
2.84397608991356 309.005907050892 0 382.1 0.82 3 4.19481411442707
2.85686891543872 304.301940938874 0 396.8 1.52 3 5.7996464418816
2.85828619980575 297.730532237878 0 397.1 1.53 3 7.1191231362866
2.65243284552126 297.627751515908 0 404.0 2.16 3 8.25223125418667
2.20843836228227 308.011510270017 0 398.6 1.47 3 6.9461552348504
2.25055548698538 308.142927665901 0 401.8 1.50 3 6.87548314945333
2.26603177382843 306.566480643632 0 401.1 1.52 3 7.07072222001973
2.32647802482637 294.912746499427 0 402.1 1.48 3 8.7748044978856
2.55156814527851 284.526404528463 0 399.7 1.39 4 10.2494282329409
2.6850884529192 280.514790091004 0 392.0 1.24 4 10.7223427464533
2.54950975679639 281.30993247402 0 393.1 1.37 4 10.8009804875527
2.45837344600042 262.990615743379 0 400.9 1.61 5 14.8486760638589
2.24243171579426 252.615490780548 0 396.7 1.31 5 16.2540543376811
2.64007575648882 241.493462432008 0 390.8 0.90 5 18.5850083652587
2.89822359385883 233.841814560192 0 379.7 0.61 6 20.3349892167258
2.8382036572452 232.443716409117 0 399.8 1.22 6 21.1592170336763
3.02218464028921 256.607502246249 0 395.2 1.15 5 16.236055052032
2.88173558814823 245.391497195485 0 397.4 1.72 6 19.0971169129824
2.92246471321725 239.574216198039 0 393.5 1.26 6 19.9510877522033
3.12929704566377 246.056101478862 0 387.7 0.99 5 18.6743218567249
3.17592506208821 242.224654654001 0 399.5 1.75 6 20.4605263725417
3.3109062203572 251.510327431051 0 399.2 1.73 5 18.4317520972757
3.46982708502888 257.686117620414 0 395.8 1.68 5 16.8926765178517
3.20861340768875 258.129735468412 0 384.9 1.11 5 15.8961650709795
3.15087289492928 249.954750574579 0 384.5 1.04 5 17.7938956874533
3.1022733599733 251.973882624349 0 386.6 1.24 5 17.4239423815648
3.08638947639471 251.682460396987 0 387.4 1.37 5 17.5889992518237
2.96285335445411 267.485247352527 0 393.2 1.56 5 13.9060241978581
2.78842249309533 276.589795542977 0 387.9 1.21 5 11.4410694733762
3.6315974446516 302.289685676755 0 393.7 1.81 3 4.4688233050138
3.52115038020247 305.405267840639 0 390.6 2.46 3 4.6965238792752
3.78450789403325 313.393997010718 0 390.1 2.00 3 4.29755293017333
3.4828149534536 309.173657970444 0 383.8 2.13 3 4.30795090078907
2.99608077327698 300.930959867359 0 390.4 2.12 3 6.5508003569664
3.44005813904358 307.203008889765 0 400.7 2.11 3 4.56015944487047
3.31639864913734 314.633507474919 0 401.6 2.11 3 4.57465384265387
3.00466304267217 318.778197707162 0 393.2 1.72 3 4.10394120960427
3.01059794725234 297.926952834291 0 382.7 0.95 3 6.08039806010433
3.05712283037499 302.442443783721 0 386.8 1.60 3 5.593305481728
2.98886265994274 298.365672778238 0 398.1 2.14 3 7.25156842741347
2.92588448165679 298.141601232262 0 397.9 1.94 3 7.25846003947347
2.98824363129916 297.937142826539 0 390.9 1.52 3 6.7009284320304
3.41983917750528 304.154743303069 0 387.8 1.54 3 4.2499072520912
3.23284704246891 305.558280372716 0 391.7 2.07 3 4.94204694708993
3.27391203302715 309.671126803594 0 399.1 2.14 3 4.5610799906828
3.30219623886891 307.494539179258 0 391.7 1.89 3 4.22807185024153
3.48862437072265 305.785875217716 0 388.8 1.67 3 3.9994721865216
3.41983917750528 304.154743303069 0 380.8 1.18 3 3.86599637497173
3.07197005193736 308.921963016253 0 397.3 2.52 3 5.19306250226693
3.37857958319765 304.630800380257 0 392.6 2.02 3 4.7265590504784
3.61005540123694 292.302440054288 0 392.4 2.24 3 7.4789892369408
3.59601167962508 342.522411332728 0 375.8 1.53 3 3.71002476119973
3.05910117518202 334.021288670422 0 396.7 2.09 3 4.47842256927753
3.66159801179758 277.532601400947 0 391.0 2.47 5 11.8053354622733
3.66983650861997 280.360703901241 0 390.3 2.15 4 10.6813569923603
3.98502195727953 291.801409486352 0 388.2 1.94 3 6.64465174906187
4.02402783290573 290.056094736575 0 387.1 2.13 3 7.2534950480986
4.09199217985567 288.523504825842 0 390.7 2.61 3 8.09258705014713
3.53990112856277 281.405160828738 0 392.8 2.74 4 11.0423592551339
3.57328980072985 281.624395724349 0 392.1 2.32 4 10.5759565584037
3.94549109744275 290.318093187113 0 390.5 2.27 3 7.473250953935
3.74721229716172 286.113418233089 0 390.1 2.35 3 9.074508026287
3.67967389859482 280.332700515922 0 394.9 2.74 4 11.2682957064441
3.68787201513285 287.354024636261 0 392.1 2.51 3 8.9654846098822
3.70108092318987 289.903749537308 0 390.5 2.41 3 8.105610043605
3.71927412272879 289.311856564353 0 388.0 2.27 3 8.08528586762667
3.70696641473861 287.261820371613 0 380.6 2.00 3 8.35257831824
3.77572509592528 282.232538005226 0 392.9 2.49 4 10.3623928997911
3.73310862418976 292.855988810172 0 395.2 2.59 3 7.45663413167787
3.8516749603257 288.623111625988 0 376.0 1.55 3 7.32173840426667
4.0454542390194 272.975567956662 0 379.5 2.05 5 12.5294031793583
3.84506176803442 275.073011143733 0 388.9 2.68 5 12.5991932445443
3.88310442816054 284.465685366202 0 389.0 2.64 4 9.62727564048
3.75458386509078 283.555088671883 0 382.8 2.33 4 9.68224440380907
3.53553390593274 298.739795291688 0 380.4 1.99 3 5.5414801141728
3.64664229120433 299.939764149181 0 380.5 1.81 3 4.837695325105
3.62194699022501 299.254347224901 0 383.7 2.52 3 5.69983072172293
3.5064797161826 299.562475823468 0 385.6 2.71 3 6.0772067876352
3.43677174103838 304.568626435814 0 390.2 2.41 3 4.8804630684488
2.88256829927757 352.825675763518 0 389.4 1.69 3 4.0247276073928
3.31651925970587 338.230671013943 0 387.4 1.44 3 3.78757098975147
3.41234523458574 332.984401521138 0 391.0 2.25 3 4.52448237116667
3.42077476604351 337.483208076839 0 389.4 1.98 3 4.2698938832176
2.86698447850699 355.999814239487 0 396.5 2.11 3 4.49277090576167
3.17926092040273 337.629667476518 0 379.2 1.26 3 3.5381317925888
3.44472059824886 337.827949131684 0 383.9 2.06 3 4.2520110709692
3.69675533407338 351.913735265073 0 385.6 2.26 3 4.4441650701312
3.78190428223666 1.81830296445183 0 383.6 1.91 3 4.1243059314912
3.4726358864701 335.501425808566 0 380.4 1.90 3 4.068870460768
3.62415507394482 328.195712589209 0 377.5 2.23 3 4.288445922875
3.56328500123131 309.990860426793 0 379.1 2.75 3 4.730823417055
3.82005235566216 269.700024837696 0 381.8 2.98 5 14.3939152951717
3.73100522647718 285.228181338088 0 381.7 2.26 3 9.1404591900388
3.86649712271974 277.878622859265 0 382.8 1.88 4 10.9479339681664
3.77180328225108 280.386367560798 0 373.9 1.89 4 10.1258051408965
3.75542274584367 264.805571092265 0 391.2 3.77 5 16.7446949716096
3.73373807329866 274.91656600601 0 381.2 2.35 5 12.2852348679947
3.75755239484428 250.407718108948 0 382.8 2.22 6 19.5790425936149
3.72833743108104 251.710841649997 0 380.2 1.22 5 18.3112294845563
3.68761440500495 264.397628659486 0 379.7 1.65 5 14.8709489742037
3.51882082521972 324.367681099001 0 387.4 2.34 3 4.54063619167947
3.75074659234665 319.216446405076 0 389.6 2.51 3 4.7214699993472
3.78746617146609 309.321338372949 0 373.2 1.76 3 3.8546798007808
3.73751254178498 294.164836716221 0 375.3 2.13 3 6.36799294312473
3.42660181520993 312.161212158995 0 386.1 2.64 3 4.7681906892048
3.41568441165164 314.169684513742 0 395.9 2.94 3 5.20848161971213
3.53158604595726 317.409823240273 0 395.9 3.15 3 5.39199221159633
3.26931185419807 317.231174608031 0 388.1 2.57 3 4.7455311385234
3.58987464962218 305.018170712267 0 378.2 1.38 3 3.62184074848373
3.08643807648882 324.095461590025 0 385.2 2.78 3 4.8677900493504
3.75825757499403 335.139677141929 0 383.5 2.48 3 4.59020917489333
3.75095987715145 329.743562836471 0 378.2 2.36 3 4.4033605070688
3.35335652742144 309.433667857309 0 377.2 1.90 3 4.021855982432
3.17345237871943 308.603414788528 0 391.1 2.58 3 4.90088700862227
3.29309884455356 294.775140568832 0 398.6 2.88 3 8.10182794310827
3.31102703099809 287.942447089159 0 400.4 2.70 4 9.65603016321067
3.01041525374823 276.676480060402 0 395.7 2.30 5 12.345847731534
2.93061427008059 268.826871548691 0 380.0 0.96 5 12.9195416746667
3.09932250661334 292.179027490648 0 396.1 1.54 3 7.86110436499613
3.63593179253957 301.504266719204 0 398.1 2.66 3 5.47103988329587
3.4817955138118 291.923640297218 0 390.4 2.50 3 7.99370482346666
3.41252106220606 289.337587997391 0 385.6 1.51 3 7.8824288742912
3.5821781083581 293.702645950966 0 383.6 1.82 3 6.66380285967573
3.40073521462639 281.706436729153 0 388.2 3.08 4 11.2891447012597
3.29705929579679 290.413670483664 0 387.9 2.55 3 8.69186266427767
3.68989159732369 327.73126545137 0 389.2 2.30 3 4.53709201515733
3.58803567429311 306.614399765203 0 384.7 2.51 3 4.63570878828113
3.86374170979376 304.34813799339 0 370.6 0.90 3 3.15983319627467
3.93970811101533 309.954536059216 0 398.2 3.58 3 5.8195403110064
3.76396067992215 316.937839765441 0 382.9 2.88 3 4.90681626954027
3.9414971774695 304.456116043366 0 386.4 2.85 3 4.948411022912
3.99444614433591 293.612951188815 0 377.1 2.29 3 6.19626336740047
3.62227828859131 304.084902022907 0 382.2 3.18 3 5.1378780993904
3.70239111926333 317.736720837453 0 378.0 2.70 3 4.6708900056
3.78857492997037 305.871708929531 0 375.5 2.41 3 4.39789071247167
3.80153916197111 337.414915974142 0 372.1 1.08 3 3.31437459830427
3.79222889604517 325.094622737469 0 379.3 1.92 3 4.06872705946027
3.33390161822451 292.950363010127 0 389.2 2.89 3 8.30203301034987
3.45735447994561 293.524996664511 0 391.3 2.97 3 8.0374029006306
3.48793635263031 299.357753542791 0 385.6 2.66 3 6.12909104124587
3.47955456919417 295.902276093213 0 380.0 2.56 3 6.83433335466667
3.4750827328281 297.228679177091 0 382.9 2.80 3 6.75475655834933
3.49665554494577 299.277419896162 0 389.2 3.08 3 6.54916090145707
3.35800536032925 300.612612126555 0 391.9 2.96 3 6.50062127402187
3.25926372053567 293.891092401547 0 384.3 2.99 3 8.19730355096753
3.79300672290467 286.858398767738 0 377.8 2.48 3 8.69220890498773
3.91107402128878 279.269651124226 0 374.8 2.42 4 10.7873323186923
3.68110037896279 281.279407288036 0 382.1 2.78 4 10.7835893147649
3.5835736353534 304.310895328145 0 381.1 2.90 3 4.88892965531133
3.97820311195897 277.946789074338 0 381.3 2.32 4 11.1892493518203
3.83114865281941 278.405052304748 0 371.6 1.63 4 10.4522354527243
3.88329756778952 272.361374658176 0 379.5 2.24 5 12.9152990837867
3.92657611666958 257.946008323091 0 385.5 2.84 5 18.08308677262
2.53671046830339 350.24061873233 0 381.0 2.06 3 4.20720118172
3.07631272792608 327.343107752638 0 372.9 1.24 3 3.4473406121528
4.05177738776453 26.3753307462527 0 367.5 1.27 3 3.406289187875
3.88291127892462 21.6096022370257 0 376.5 0.93 3 3.244993921385
3.85768065033901 20.6429622941622 0 369.4 0.97 3 3.2006326683464
3.63824133339173 14.647375272363 0 371.8 1.03 3 3.2724954343224
3.61636557886506 14.5742161980387 0 368.8 1.19 3 3.36106778298453
3.42708330800405 7.20796349256525 0 368.4 1.25 3 3.4018452644
3.8015786194685 27.2390880750625 0 368.8 1.17 3 3.34590137766827
3.21972048476261 23.6191881914591 0 371.6 0.96 3 3.21641679015253
2.45097939607823 352.498043171501 0 373.5 1.10 3 3.34554869895
2.68923781023546 329.620873988632 0 365.0 6.27 3 7.09052495483333
3.39599764428658 313.090847567004 0 367.0 4.23 3 5.62312624840667
3.23185705129419 314.122452746783 0 368.1 2.64 3 4.4483730618768
3.00308175046901 300.407504304993 0 367.8 2.53 3 6.6001600924584
3.69768846713727 289.758054940914 0 360.8 1.85 3 7.248022929728
3.96773234984418 280.601913898951 0 365.5 2.02 4 9.86784988447667
3.81292538610448 277.535063723328 0 375.7 2.73 5 11.6530702837901
3.97 270 0 381.9 3.36 5 14.6115141131765
3.36133901890303 319.343239951689 0 378.2 2.78 3 4.7382975464624
3.31489064676348 273.112716620339 0 371.6 1.94 5 12.4642311523221
3.72903472764736 257.454526852251 0 362.3 0.96 5 16.2312190943595
3.73207716962016 265.389350681339 0 377.3 2.42 5 15.1693678949689
3.42986880215556 274.34745690756 0 370.4 2.23 5 12.2950922759723
3.48518292202863 266.874884916357 0 370.5 2.09 5 14.289534267045
4.28612878947892 259.922326758729 0 373.1 1.32 5 16.3451272822451
4.35910541281121 253.061552626918 0 374.9 2.20 6 19.4832822759907
4.46454924936437 246.363273830303 0 390.4 2.60 6 22.498679683072
4.51116392963058 240.081829824058 0 384.2 2.00 6 24.0406125590933
4.37968035363313 249.413331705025 0 379.6 1.51 6 20.2637766939872
4.31366433557364 257.413565174738 0 375.1 1.33 5 17.2639844428186
4.33 270 0 381.8 2.38 5 13.8129480097904
4.33132774100506 263.104690585667 0 387.9 3.24 5 17.0640372675528
4.27691477586355 264.902600262021 0 384.2 3.02 5 16.1533782975643
4.5211724143191 276.732047342701 0 379.8 2.66 5 11.5312542091088
4.4449634419194 272.707917485866 0 372.6 2.14 5 12.4937527481221
4.47599151026898 278.220616938435 0 378.3 2.83 4 11.1266979571921
4.37923509302709 264.627891965182 0 382.7 2.95 5 16.2068501164643
4.48518672966912 258.815331383055 0 389.0 2.45 5 18.0536459542333
4.49752153969272 266.685905225709 0 382.1 2.39 5 15.0394622766025
4.37457426499997 244.547917007667 0 383.6 2.25 6 22.50991012872
4.06233922758797 222.605752233508 0 392.2 2.35 6 27.9166991063747
3.92230799402597 246.245157259271 0 402.7 1.54 6 20.7837038475039
4.32935330043645 252.109114541873 0 389.0 2.32 6 20.0906361689067
4.38098162516119 249.000047657834 0 382.0 2.26 6 21.04534603408
4.42055426389045 269.092676628297 0 384.6 3.07 5 14.7557905412504
4.383389099772 262.923621822363 0 381.5 2.90 5 16.7498616843833
4.30488095073487 261.719317757278 0 378.0 2.42 5 16.6745014124267
4.43596663648409 267.027944085765 0 372.2 2.09 5 14.5022465296819
4.29670804221092 273.202020583322 0 377.0 2.63 5 12.8107221966733
4.43062072400696 263.259943902053 0 382.8 3.18 5 16.9100159674304
4.32074067724505 271.060911690264 0 380.2 2.61 5 13.5981330229715
3.97443077685346 276.356111662008 0 382.3 2.84 5 12.1428500656845
4.03834124362962 284.483588812376 0 372.5 2.17 3 8.78207212379167
3.99891235212776 276.893986232006 0 355.9 1.21 4 10.3205002301975
4.07649359131104 266.765595062433 0 379.0 2.66 5 15.06358490452
4.22190715198712 278.993792398756 0 373.5 1.54 4 9.94110151186333
4.24199245638179 281.283443442383 0 369.9 1.87 3 9.3525306489654
4.6761629569552 272.941948653615 0 361.2 1.23 5 11.5160209626037
4.48027900916896 270.639435276123 0 376.5 3.03 5 14.004657614835
4.64844059873846 266.546683749469 0 372.9 2.67 5 15.1959834148774
4.44091206848323 268.838758091686 0 368.6 2.32 5 13.9680620629824
4.52866426223009 266.455233544405 0 367.2 2.21 5 14.7493780047488
4.33132774100506 263.104690585667 0 387.9 3.24 5 17.0640372675528
4.27691477586355 264.902600262021 0 384.2 3.02 5 16.1533782975643
4.5211724143191 276.732047342701 0 379.8 2.66 5 11.5312542091088
4.4449634419194 272.707917485866 0 372.6 2.14 5 12.4937527481221
4.47599151026898 278.220616938435 0 378.3 2.83 4 11.1266979571921
4.37923509302709 264.627891965182 0 382.7 2.95 5 16.2068501164643
4.48518672966912 258.815331383055 0 389.0 2.45 5 18.0536459542333
4.49752153969272 266.685905225709 0 382.1 2.39 5 15.0394622766025
4.37457426499997 244.547917007667 0 383.6 2.25 6 22.50991012872
4.06233922758797 222.605752233508 0 392.2 2.35 6 27.9166991063747
3.92230799402597 246.245157259271 0 402.7 1.54 6 20.7837038475039
4.32935330043645 252.109114541873 0 389.0 2.32 6 20.0906361689067
4.38098162516119 249.000047657834 0 382.0 2.26 6 21.04534603408
4.42055426389045 269.092676628297 0 384.6 3.07 5 14.7557905412504
4.383389099772 262.923621822363 0 381.5 2.90 5 16.7498616843833
4.30488095073487 261.719317757278 0 378.0 2.42 5 16.6745014124267
4.43596663648409 267.027944085765 0 372.2 2.09 5 14.5022465296819
4.29670804221092 273.202020583322 0 377.0 2.63 5 12.8107221966733
4.43062072400696 263.259943902053 0 382.8 3.18 5 16.9100159674304
4.32074067724505 271.060911690264 0 380.2 2.61 5 13.5981330229715
3.97443077685346 276.356111662008 0 382.3 2.84 5 12.1428500656845
4.03834124362962 284.483588812376 0 372.5 2.17 3 8.78207212379167
3.99891235212776 276.893986232006 0 355.9 1.21 4 10.3205002301975
4.07649359131104 266.765595062433 0 379.0 2.66 5 15.06358490452
4.22190715198712 278.993792398756 0 373.5 1.54 4 9.94110151186333
4.24199245638179 281.283443442383 0 369.9 1.87 3 9.3525306489654
4.6761629569552 272.941948653615 0 361.2 1.23 5 11.5160209626037
4.48027900916896 270.639435276123 0 376.5 3.03 5 14.004657614835
4.64844059873846 266.546683749469 0 372.9 2.67 5 15.1959834148774
4.44091206848323 268.838758091686 0 368.6 2.32 5 13.9680620629824
4.52866426223009 266.455233544405 0 367.2 2.21 5 14.7493780047488
4.33132774100506 263.104690585667 0 387.9 3.24 5 17.0640372675528
4.27691477586355 264.902600262021 0 384.2 3.02 5 16.1533782975643
4.5211724143191 276.732047342701 0 379.8 2.66 5 11.5312542091088
4.4449634419194 272.707917485866 0 372.6 2.14 5 12.4937527481221
4.47599151026898 278.220616938435 0 378.3 2.83 4 11.1266979571921
4.37923509302709 264.627891965182 0 382.7 2.95 5 16.2068501164643
4.48518672966912 258.815331383055 0 389.0 2.45 5 18.0536459542333
4.49752153969272 266.685905225709 0 382.1 2.39 5 15.0394622766025
4.37457426499997 244.547917007667 0 383.6 2.25 6 22.50991012872
4.06233922758797 222.605752233508 0 392.2 2.35 6 27.9166991063747
3.92230799402597 246.245157259271 0 402.7 1.54 6 20.7837038475039
4.32935330043645 252.109114541873 0 389.0 2.32 6 20.0906361689067
4.38098162516119 249.000047657834 0 382.0 2.26 6 21.04534603408
4.42055426389045 269.092676628297 0 384.6 3.07 5 14.7557905412504
4.383389099772 262.923621822363 0 381.5 2.90 5 16.7498616843833
4.30488095073487 261.719317757278 0 378.0 2.42 5 16.6745014124267
4.43596663648409 267.027944085765 0 372.2 2.09 5 14.5022465296819
4.29670804221092 273.202020583322 0 377.0 2.63 5 12.8107221966733
4.43062072400696 263.259943902053 0 382.8 3.18 5 16.9100159674304
4.32074067724505 271.060911690264 0 380.2 2.61 5 13.5981330229715
3.97443077685346 276.356111662008 0 382.3 2.84 5 12.1428500656845
4.03834124362962 284.483588812376 0 372.5 2.17 3 8.78207212379167
3.99891235212776 276.893986232006 0 355.9 1.21 4 10.3205002301975
4.07649359131104 266.765595062433 0 379.0 2.66 5 15.06358490452
4.22190715198712 278.993792398756 0 373.5 1.54 4 9.94110151186333
4.24199245638179 281.283443442383 0 369.9 1.87 3 9.3525306489654
4.6761629569552 272.941948653615 0 361.2 1.23 5 11.5160209626037
4.48027900916896 270.639435276123 0 376.5 3.03 5 14.004657614835
4.64844059873846 266.546683749469 0 372.9 2.67 5 15.1959834148774
4.44091206848323 268.838758091686 0 368.6 2.32 5 13.9680620629824
4.52866426223009 266.455233544405 0 367.2 2.21 5 14.7493780047488
4.33132774100506 263.104690585667 0 387.9 3.24 5 17.0640372675528
4.27691477586355 264.902600262021 0 384.2 3.02 5 16.1533782975643
4.5211724143191 276.732047342701 0 379.8 2.66 5 11.5312542091088
4.4449634419194 272.707917485866 0 372.6 2.14 5 12.4937527481221
4.47599151026898 278.220616938435 0 378.3 2.83 4 11.1266979571921
4.37923509302709 264.627891965182 0 382.7 2.95 5 16.2068501164643
4.48518672966912 258.815331383055 0 389.0 2.45 5 18.0536459542333
4.49752153969272 266.685905225709 0 382.1 2.39 5 15.0394622766025
4.37457426499997 244.547917007667 0 383.6 2.25 6 22.50991012872
4.06233922758797 222.605752233508 0 392.2 2.35 6 27.9166991063747
3.92230799402597 246.245157259271 0 402.7 1.54 6 20.7837038475039
4.32935330043645 252.109114541873 0 389.0 2.32 6 20.0906361689067
4.38098162516119 249.000047657834 0 382.0 2.26 6 21.04534603408
4.42055426389045 269.092676628297 0 384.6 3.07 5 14.7557905412504
4.383389099772 262.923621822363 0 381.5 2.90 5 16.7498616843833
4.30488095073487 261.719317757278 0 378.0 2.42 5 16.6745014124267
4.43596663648409 267.027944085765 0 372.2 2.09 5 14.5022465296819
4.29670804221092 273.202020583322 0 377.0 2.63 5 12.8107221966733
4.43062072400696 263.259943902053 0 382.8 3.18 5 16.9100159674304
4.32074067724505 271.060911690264 0 380.2 2.61 5 13.5981330229715
3.97443077685346 276.356111662008 0 382.3 2.84 5 12.1428500656845
4.03834124362962 284.483588812376 0 372.5 2.17 3 8.78207212379167
3.99891235212776 276.893986232006 0 355.9 1.21 4 10.3205002301975
4.07649359131104 266.765595062433 0 379.0 2.66 5 15.06358490452
4.22190715198712 278.993792398756 0 373.5 1.54 4 9.94110151186333
4.24199245638179 281.283443442383 0 369.9 1.87 3 9.3525306489654
4.6761629569552 272.941948653615 0 361.2 1.23 5 11.5160209626037
4.48027900916896 270.639435276123 0 376.5 3.03 5 14.004657614835
4.64844059873846 266.546683749469 0 372.9 2.67 5 15.1959834148774
4.44091206848323 268.838758091686 0 368.6 2.32 5 13.9680620629824
4.52866426223009 266.455233544405 0 367.2 2.21 5 14.7493780047488
4.33132774100506 263.104690585667 0 387.9 3.24 5 17.0640372675528
4.27691477586355 264.902600262021 0 384.2 3.02 5 16.1533782975643
4.5211724143191 276.732047342701 0 379.8 2.66 5 11.5312542091088
4.4449634419194 272.707917485866 0 372.6 2.14 5 12.4937527481221
4.47599151026898 278.220616938435 0 378.3 2.83 4 11.1266979571921
4.37923509302709 264.627891965182 0 382.7 2.95 5 16.2068501164643
4.48518672966912 258.815331383055 0 389.0 2.45 5 18.0536459542333
4.49752153969272 266.685905225709 0 382.1 2.39 5 15.0394622766025
4.37457426499997 244.547917007667 0 383.6 2.25 6 22.50991012872
4.06233922758797 222.605752233508 0 392.2 2.35 6 27.9166991063747
3.92230799402597 246.245157259271 0 402.7 1.54 6 20.7837038475039
4.32935330043645 252.109114541873 0 389.0 2.32 6 20.0906361689067
4.38098162516119 249.000047657834 0 382.0 2.26 6 21.04534603408
4.42055426389045 269.092676628297 0 384.6 3.07 5 14.7557905412504
4.383389099772 262.923621822363 0 381.5 2.90 5 16.7498616843833
4.30488095073487 261.719317757278 0 378.0 2.42 5 16.6745014124267
4.43596663648409 267.027944085765 0 372.2 2.09 5 14.5022465296819
4.29670804221092 273.202020583322 0 377.0 2.63 5 12.8107221966733
4.43062072400696 263.259943902053 0 382.8 3.18 5 16.9100159674304
4.32074067724505 271.060911690264 0 380.2 2.61 5 13.5981330229715
3.97443077685346 276.356111662008 0 382.3 2.84 5 12.1428500656845
4.03834124362962 284.483588812376 0 372.5 2.17 3 8.78207212379167
3.99891235212776 276.893986232006 0 355.9 1.21 4 10.3205002301975
4.07649359131104 266.765595062433 0 379.0 2.66 5 15.06358490452
4.22190715198712 278.993792398756 0 373.5 1.54 4 9.94110151186333
4.24199245638179 281.283443442383 0 369.9 1.87 3 9.3525306489654
4.6761629569552 272.941948653615 0 361.2 1.23 5 11.5160209626037
4.48027900916896 270.639435276123 0 376.5 3.03 5 14.004657614835
4.64844059873846 266.546683749469 0 372.9 2.67 5 15.1959834148774
4.44091206848323 268.838758091686 0 368.6 2.32 5 13.9680620629824
4.52866426223009 266.455233544405 0 367.2 2.21 5 14.7493780047488
4.33132774100506 263.104690585667 0 387.9 3.24 5 17.0640372675528
4.27691477586355 264.902600262021 0 384.2 3.02 5 16.1533782975643
4.5211724143191 276.732047342701 0 379.8 2.66 5 11.5312542091088
4.4449634419194 272.707917485866 0 372.6 2.14 5 12.4937527481221
4.47599151026898 278.220616938435 0 378.3 2.83 4 11.1266979571921
4.37923509302709 264.627891965182 0 382.7 2.95 5 16.2068501164643
4.48518672966912 258.815331383055 0 389.0 2.45 5 18.0536459542333
4.49752153969272 266.685905225709 0 382.1 2.39 5 15.0394622766025
4.37457426499997 244.547917007667 0 383.6 2.25 6 22.50991012872
4.06233922758797 222.605752233508 0 392.2 2.35 6 27.9166991063747
3.92230799402597 246.245157259271 0 402.7 1.54 6 20.7837038475039
4.32935330043645 252.109114541873 0 389.0 2.32 6 20.0906361689067
4.38098162516119 249.000047657834 0 382.0 2.26 6 21.04534603408
4.42055426389045 269.092676628297 0 384.6 3.07 5 14.7557905412504
4.383389099772 262.923621822363 0 381.5 2.90 5 16.7498616843833
4.30488095073487 261.719317757278 0 378.0 2.42 5 16.6745014124267
4.43596663648409 267.027944085765 0 372.2 2.09 5 14.5022465296819
4.29670804221092 273.202020583322 0 377.0 2.63 5 12.8107221966733
4.43062072400696 263.259943902053 0 382.8 3.18 5 16.9100159674304
4.32074067724505 271.060911690264 0 380.2 2.61 5 13.5981330229715
3.97443077685346 276.356111662008 0 382.3 2.84 5 12.1428500656845
4.03834124362962 284.483588812376 0 372.5 2.17 3 8.78207212379167
3.99891235212776 276.893986232006 0 355.9 1.21 4 10.3205002301975
4.07649359131104 266.765595062433 0 379.0 2.66 5 15.06358490452
4.22190715198712 278.993792398756 0 373.5 1.54 4 9.94110151186333
4.24199245638179 281.283443442383 0 369.9 1.87 3 9.3525306489654
4.6761629569552 272.941948653615 0 361.2 1.23 5 11.5160209626037
4.48027900916896 270.639435276123 0 376.5 3.03 5 14.004657614835
4.64844059873846 266.546683749469 0 372.9 2.67 5 15.1959834148774
4.44091206848323 268.838758091686 0 368.6 2.32 5 13.9680620629824
4.52866426223009 266.455233544405 0 367.2 2.21 5 14.7493780047488
4.33132774100506 263.104690585667 0 387.9 3.24 5 17.0640372675528
4.27691477586355 264.902600262021 0 384.2 3.02 5 16.1533782975643
4.5211724143191 276.732047342701 0 379.8 2.66 5 11.5312542091088
4.4449634419194 272.707917485866 0 372.6 2.14 5 12.4937527481221
4.47599151026898 278.220616938435 0 378.3 2.83 4 11.1266979571921
4.37923509302709 264.627891965182 0 382.7 2.95 5 16.2068501164643
4.48518672966912 258.815331383055 0 389.0 2.45 5 18.0536459542333
4.49752153969272 266.685905225709 0 382.1 2.39 5 15.0394622766025
4.37457426499997 244.547917007667 0 383.6 2.25 6 22.50991012872
4.06233922758797 222.605752233508 0 392.2 2.35 6 27.9166991063747
3.92230799402597 246.245157259271 0 402.7 1.54 6 20.7837038475039
4.32935330043645 252.109114541873 0 389.0 2.32 6 20.0906361689067
4.38098162516119 249.000047657834 0 382.0 2.26 6 21.04534603408
4.42055426389045 269.092676628297 0 384.6 3.07 5 14.7557905412504
4.383389099772 262.923621822363 0 381.5 2.90 5 16.7498616843833
4.30488095073487 261.719317757278 0 378.0 2.42 5 16.6745014124267
4.43596663648409 267.027944085765 0 372.2 2.09 5 14.5022465296819
4.29670804221092 273.202020583322 0 377.0 2.63 5 12.8107221966733
4.43062072400696 263.259943902053 0 382.8 3.18 5 16.9100159674304
4.32074067724505 271.060911690264 0 380.2 2.61 5 13.5981330229715
3.97443077685346 276.356111662008 0 382.3 2.84 5 12.1428500656845
4.03834124362962 284.483588812376 0 372.5 2.17 3 8.78207212379167
3.99891235212776 276.893986232006 0 355.9 1.21 4 10.3205002301975
4.07649359131104 266.765595062433 0 379.0 2.66 5 15.06358490452
4.22190715198712 278.993792398756 0 373.5 1.54 4 9.94110151186333
4.24199245638179 281.283443442383 0 369.9 1.87 3 9.3525306489654
4.6761629569552 272.941948653615 0 361.2 1.23 5 11.5160209626037
4.48027900916896 270.639435276123 0 376.5 3.03 5 14.004657614835
4.64844059873846 266.546683749469 0 372.9 2.67 5 15.1959834148774
4.44091206848323 268.838758091686 0 368.6 2.32 5 13.9680620629824
4.52866426223009 266.455233544405 0 367.2 2.21 5 14.7493780047488
4.33132774100506 263.104690585667 0 387.9 3.24 5 17.0640372675528
4.27691477586355 264.902600262021 0 384.2 3.02 5 16.1533782975643
4.5211724143191 276.732047342701 0 379.8 2.66 5 11.5312542091088
4.4449634419194 272.707917485866 0 372.6 2.14 5 12.4937527481221
4.47599151026898 278.220616938435 0 378.3 2.83 4 11.1266979571921
4.37923509302709 264.627891965182 0 382.7 2.95 5 16.2068501164643
4.48518672966912 258.815331383055 0 389.0 2.45 5 18.0536459542333
4.49752153969272 266.685905225709 0 382.1 2.39 5 15.0394622766025
4.37457426499997 244.547917007667 0 383.6 2.25 6 22.50991012872
