           9          27        2025          13          40
      12.1083      12.1083      12.1083      12.1083      12.1083      12.1083
      12.1083      12.1083      12.1083      12.1083      12.1083      12.1083
      12.1083      12.1083      12.1083      12.1083      12.1083      12.1083
      12.1083      12.1083
      12.5376      12.9081      13.0711      13.1556      13.1403      12.9638
      12.6459      12.2842      12.0436      12.6105      12.3729      12.0357
      11.6000      11.2319      10.9958      10.8566      10.8964      11.1514
      11.6322      12.0328
      12.9670      13.7080      14.0339      14.2028      14.1723      13.8193
      13.1835      12.4601      11.9788      13.1127      12.6375      11.9632
      11.0916      10.3555      9.88333      9.60481      9.68448      10.1944
      11.1562      11.9572
      12.2005      13.4417      14.1288      14.2266      14.2783      13.9163
      13.0649      12.2625      11.8974      12.5695      11.7885      10.5866
      9.26932      8.20164      7.83769      7.60607      7.56119      7.77104
      8.54669      10.2467
      11.2391      12.9084      13.9032      14.0663      14.1747      13.6937
      12.7764      11.8270      11.4560      11.5649      10.3391      8.69848
      7.82771      7.52581      7.10130      6.87427      6.81004      6.87028
      7.15261      8.80074
      10.5385      12.3655      13.5196      14.0686      13.8731      13.4818
      12.4239      11.3177      10.8433      10.2341      8.65682      7.49266
      7.20553      6.97912      6.69716      6.51952      6.48545      6.73755
      6.97234      7.88027
      9.81182      11.8680      13.0683      14.0007      13.5465      13.1683
      12.0282      10.7720      10.1226      8.74708      7.32867      6.77697
      6.53321      6.66963      6.36797      6.18274      6.37182      6.77085
      7.06688      7.63555
      9.29128      11.4676      12.5487      13.7389      13.2576      12.8154
      11.5281      10.1434      9.19132      7.47573      6.58947      6.34815
      6.13351      6.38721      5.91968      5.83997      6.42557      6.96496
      7.26769      7.72670
      8.90203      10.9821      12.0993      13.2483      13.0933      12.5344
      11.0962      9.24681      8.24511      6.65368      6.13806      5.83943
      5.86249      5.86718      5.37839      5.62767      6.57860      7.26324
      7.60102      7.85195
      8.52164      10.3678      11.7216      12.6810      13.3560      12.2727
      10.7269      8.79389      7.53479      6.19232      5.97655      5.62398
      5.46670      5.18415      4.96572      5.55416      6.71297      7.41321
      7.84802      8.04089
      8.50897      9.68395      11.4639      12.0239      13.2716      12.0691
      10.1399      8.37110      6.96431      5.90646      5.70373      5.52160
      4.93534      4.46735      4.85057      5.78683      6.95338      7.67597
      8.06776      8.25216
      8.69223      9.13815      11.1375      11.6502      12.3979      11.9053
      9.37561      7.88533      6.48445      5.59229      5.60240      5.34131
      4.30228      3.97781      5.06856      6.08435      7.24748      7.94407
      8.35316      8.53595
      8.98479      9.20782      10.5936      11.5828      11.4001      11.6983
      8.71552      7.37981      6.07069      5.75668      5.63775      5.06894
      3.66913      4.00078      5.45744      6.59895      7.72536      8.37452
      8.73279      8.82609
      9.40084      9.47303      10.0657      11.7478      10.5977      10.9109
      8.26177      6.91407      5.79160      5.87906      5.56890      4.65180
      3.38379      4.23558      5.82837      7.07758      8.17941      8.75213
      9.11704      9.31734
      9.92112      9.97038      10.1500      11.7992      10.5017      9.10280
      7.91883      6.60383      5.83268      5.84292      5.32574      4.25131
      3.57553      4.30407      6.03487      7.63423      8.76630      9.31842
      9.52294      9.72912
      10.4794      10.4929      10.5358      11.6941      11.1876      8.17108
      7.38965      6.44688      6.08048      5.76425      4.93387      4.19328
      3.74891      3.90295      6.87226      8.28743      8.96716      9.79864
      10.2452      10.2379
      11.0940      11.3333      11.2816      11.7421      12.2130      7.95850
      6.60745      6.19986      6.02305      5.29172      4.72817      4.53575
      3.51033      5.13779      7.04404      8.95928      9.34648      10.1210
      10.4466      10.7923
      11.9351      12.0905      11.9882      12.2267      13.3930      8.63046
      5.42476      5.57803      5.45039      4.50998      5.21959      4.82359
      2.94492      5.30249      7.23186      9.36333      9.77855      10.5506
      10.6678      11.1504
      12.0456      12.9668      13.0122      12.9903      13.9955      10.4171
      4.98771      4.50187      4.36613      4.34309      6.02531      4.69119
      5.00320      5.49170      7.64500      10.1012      10.2690      11.0459
      11.0905      11.4373
      12.5280      13.0729      13.7415      13.7263      14.6686      12.6234
      6.61502      3.90890      4.12638      5.96210      6.41935      5.64716
      5.38122      5.69748      8.00486      10.7679      10.7502      11.9172
      11.9634      11.8820
      13.0647      13.7961      14.7253      14.6127      15.3175      13.8597
      9.85393      6.20379      6.07467      7.45816      6.28609      6.58993
      5.76300      6.70157      9.20668      12.0176      11.6762      12.4132
      12.8583      12.8752
      13.5627      14.2414      14.8226      15.2461      16.2467      14.3230
      11.5839      8.97922      8.34243      8.31318      7.73940      7.11640
      6.45346      7.53254      10.0068      13.4142      11.7758      13.9012
      13.7188      13.3830
      14.5188      14.8399      15.4815      16.0250      16.7147      15.0828
      12.3977      10.5635      9.71162      9.08798      8.33779      7.63214
      8.07129      8.66002      11.6529      14.4901      10.6714      16.1243
      15.2036      14.7126
      15.5357      15.3638      15.7936      16.4993      17.2650      15.3991
      13.0317      11.4834      10.6630      9.20981      8.83575      9.35337
      9.53329      10.3950      13.3035      15.7086      12.8002      17.7718
      17.6398      15.7260
      16.2472      16.2931      16.3410      16.7464      15.9556      15.7173
      13.4674      12.1794      9.60344      9.60545      9.31055      10.7043
      11.4386      12.1445      14.8055      16.6579      15.2578      19.4989
      20.3883      17.7282
      17.6838      17.2026      17.0454      16.9631      16.1008      12.9746
      13.7086      9.58703      10.0032      10.0314      11.5419      13.0510
      13.9754      13.5975      16.0951      17.4949      17.1242      21.1161
      22.5165      20.4820
      19.8560      17.8944      17.7092      17.6857      16.2570      13.3339
      10.5317      9.96022      10.4125      11.2284      13.1077      15.0746
      16.4721      14.9035      17.0445      18.0349      18.4575      22.4792
      24.4585      23.8295
      22.6904      19.2316      18.6190      18.2107      16.5394      13.5198
      11.1441      10.4338      11.2839      12.5892      15.2484      18.0704
      17.4877      15.6108      17.5802      18.2537      19.4428      23.7210
      26.1502      26.6776
      26.6415      21.6661      19.5430      19.1681      17.1535      13.8662
      11.5169      11.1189      12.2739      14.8087      17.7823      20.2901
      17.9267      15.9686      17.9526      19.0583      21.2650      25.6360
      27.6625      28.9446
      30.1294      25.2133      21.3686      19.7801      17.7297      14.2135
      12.1037      11.9531      13.8218      16.9613      20.9503      21.4541
      17.8775      16.0519      19.1016      21.1081      23.8116      28.2493
      29.9924      31.0578
      32.8284      29.5502      24.2339      21.2931      18.2195      14.8108
      12.6001      12.8630      15.8671      19.7512      22.2892      21.8065
      17.6097      16.5130      21.2302      24.0581      26.7605      31.3085
      32.5687      33.3470
      35.2018      32.8539      27.8950      23.7610      19.7790      15.7794
      14.0472      14.3255      18.4075      21.8268      23.1252      21.7924
      17.1859      18.1963      23.8348      27.3299      29.7311      34.4102
      35.3234      35.9686
      38.3943      35.6357      31.2834      27.2940      22.6520      18.6309
      16.1424      16.3626      20.6043      23.5485      23.2791      21.4425
      17.0651      20.0190      26.2931      30.2597      32.3127      37.4693
      38.1618      38.8496
      42.0717      38.7166      33.9106      30.4627      26.2727      21.6620
      17.9584      18.1519      22.5995      24.5488      23.2751      20.6246
      18.1617      21.4933      28.1503      32.4270      34.4530      40.1864
      41.2109      42.2996
      47.1066      42.8872      36.3563      33.2428      29.5548      25.1574
      21.7395      21.7675      23.9225      25.2391      23.1878      20.4651
      20.1258      22.2261      29.2847      33.9393      36.2961      43.0332
      44.8850      46.7120
      53.4342      48.3908      39.8600      35.9266      33.0479      29.5033
      25.9119      24.0708      24.7804      25.6164      23.2839      22.0429
      22.1672      22.2632      29.9271      35.1381      38.0042      45.9696
      48.8251      51.8433
      60.2567      56.0427      45.0187      39.0237      36.7989      34.7001
      30.9059      23.6249      25.0736      26.0495      25.8188      24.5490
      23.8547      21.7036      30.2974      36.1648      39.6303      48.7272
      52.8391      57.1395
      66.0980      64.6252      52.7464      44.7501      41.1099      40.7748
      35.3220      24.5204      26.0612      28.7846      30.0193      27.1036
      24.8919      20.9884      30.5870      37.0609      40.8820      50.7666
      55.8815      61.2317
      69.8780      71.7282      62.4116      53.2078      48.4573      48.6427
      41.1927      31.5072      30.9305      34.9566      34.8727      29.3595
      25.3788      20.2961      30.8350      37.5907      41.6386      52.3169
      58.5288      63.6262
      71.6284      75.9842      71.6902      63.6892      58.6425      60.2506
      50.3477      40.8389      39.5928      42.7868      39.0900      30.9547
      25.5409      19.8257      30.7505      37.6461      41.9603      53.2665
      60.7517      65.5237
      72.0216      77.5537      78.0619      73.9351      69.5253      71.7524
      61.2592      51.0851      50.0118      49.9836      41.8196      31.6888
      25.6665      19.4804      30.4652      37.3835      41.7953      53.3067
      62.3980      67.3286
      72.8207      77.4403      80.6193      80.7394      77.4545      79.3611
      70.7668      59.8376      59.3107      54.4599      42.3891      31.6647
      25.6867      19.3662      30.1456      37.2025      41.6326      52.5784
      62.6784      68.8341
      73.5266      77.3288      80.5830      83.3748      80.8142      81.1364
      74.7792      64.3140      63.9999      54.7593      40.7894      31.0142
      25.4420      19.4802      30.1519      37.2920      41.3632      51.4955
      61.6591      69.4032
      73.8879      77.3820      79.5309      83.0596      80.0363      78.1494
      73.9119      64.8292      63.2078      51.3181      37.8794      29.9587
      25.0286      19.9292      30.4581      37.5369      41.1662      50.2460
      60.1415      69.7035
      74.1485      77.0032      79.1634      81.6049      77.6400      72.7620
      70.0820      62.8945      59.4490      46.3163      35.3073      28.6887
      25.0606      20.6412      31.2721      38.0271      40.9492      49.0273
      58.0162      69.0664
      74.0686      77.0757      78.8560      80.6420      74.6550      66.5159
      64.8190      59.3573      54.8091      42.4469      33.1770      27.6080
      25.4944      21.6192      32.4767      38.4233      40.5544      47.6875
      55.3331      68.8709
      74.7428      77.0535      79.0998      80.5687      72.5245      60.7889
      58.3598      54.8370      50.6643      39.7871      31.8107      27.3177
      26.4515      22.8662      33.4589      38.1098      39.8184      46.3389
      52.2442      68.5941
      76.2495      77.8497      79.6436      80.7265      71.4296      56.7831
      52.5463      50.1868      47.1481      37.9688      30.8210      27.9090
      27.5977      24.3696      33.2438      36.8714      38.6976      44.9032
      49.5037      66.1029
      77.3812      79.1604      80.5593      81.6116      71.2530      53.6795
      47.9153      46.3426      44.5657      36.5380      30.8452      28.8114
      28.8545      25.0086      31.6023      34.9777      37.4362      43.2802
      47.2113      61.1244
      76.6364      81.0008      81.5019      82.6231      71.6898      51.6973
      45.0510      43.8185      42.9028      35.9861      31.8237      29.9200
      29.1449      24.1335      28.9163      32.9899      36.2094      41.7143
      45.2244      55.9767
      72.9473      82.7963      82.9736      83.5846      72.8324      51.6511
      44.0414      43.1367      42.8881      36.9126      33.0965      30.8514
      27.6054      21.7384      26.0814      31.2206      35.1331      40.2332
      43.4882      51.4848
      66.2121      82.7976      84.3443      84.5747      73.9907      52.8582
      45.0616      44.4291      44.7659      38.8839      34.8722      30.7537
      24.2843      18.6188      23.6870      30.1572      34.4012      38.8642
      41.8870      47.9301
      58.5397      79.2562      84.6588      85.1549      75.9879      54.7910
      47.7282      47.4003      47.9121      41.6471      37.1849      29.1074
      20.4375      15.6855      22.2214      30.2195      34.1720      37.6451
      40.2637      44.8806
      51.3950      71.6313      82.8016      85.5612      78.1109      58.8187
      52.2941      52.3781      52.7454      46.1746      38.3559      26.2349
      16.8409      13.4775      22.1394      30.7870      33.9956      36.6835
      38.3984      42.1791
      45.8565      61.7966      77.2275      84.9115      80.8596      64.5462
      58.8016      58.5181      58.7461      50.7614      37.6604      22.5474
      14.0952      12.5607      22.6107      30.8847      32.4037      35.9774
      36.7654      39.6266
      41.2389      52.4289      68.1212      82.2766      83.5098      72.5737
      67.8005      66.2670      65.4797      53.3910      34.9917      19.1092
      12.8095      12.7772      22.7969      30.4125      29.5977      34.4293
      35.2065      37.3003
      37.5455      45.0440      57.5443      76.2336      85.0082      81.5655
      77.8228      72.8325      69.6076      52.2015      30.7803      16.6335
      12.8797      13.0697      22.4850      29.5937      25.9770      33.0220
      33.3554      35.0666
      35.1016      39.7470      48.5055      66.6848      83.4658      89.2804
      85.8451      76.3035      69.1540      47.2321      25.8565      15.5597
      13.0191      13.1441      21.7543      28.4355      22.9185      31.4246
      31.6340      32.8270
      32.7178      36.3178      41.8707      55.8167      77.5217      93.0896
      89.5817      75.1515      62.7298      39.8849      21.2311      15.5284
      13.0873      12.9783      20.5839      26.8489      25.0738      30.1042
      29.8755      30.6464
      30.3916      33.7701      37.4181      46.8690      67.1192      90.0459
      87.3005      68.5929      51.6664      31.1653      17.9570      15.3064
      13.1536      12.8697      17.4143      24.2622      25.6618      28.4552
      28.0214      28.4450
      27.9772      31.2925      34.7776      40.1962      55.0546      78.9427
      77.2770      57.3172      38.8212      23.4970      16.6729      14.7449
      12.9270      12.1578      14.7021      21.7866      24.2562      26.6798
      25.5066      25.5573
      24.8417      28.8317      32.4639      36.1715      45.2902      62.8205
      61.3566      43.9475      27.8078      19.5284      15.6061      13.8698
      11.9154      10.7360      13.3782      20.5553      23.5875      25.3170
      24.1386      23.6229
      22.3677      25.7926      30.2012      33.6488      38.6067      47.7404
      45.8886      32.0035      20.6879      17.5298      14.3333      12.7503
      10.4356      9.68491      11.7316      19.1305      22.4202      24.0404
      23.0369      22.2517
      21.4974      23.3267      27.8702      31.2557      34.6894      37.0929
      34.4276      23.9954      18.3515      15.9013      12.8367      10.8126
      9.50821      8.58579      11.1639      18.0511      21.4535      22.8081
      22.1145      21.5010
      20.8081      21.7318      24.7790      29.0139      31.3363      30.2125
      27.7606      20.5314      16.3444      13.9957      11.7301      9.29752
      8.37498      7.78660      10.2555      17.2547      20.4260      21.7385
      21.1534      20.5603
      20.1765      21.0949      22.8450      26.6922      28.2861      25.7799
      23.8341      17.8413      14.4263      11.9956      9.94074      8.73476
      7.74785      7.13679      9.93528      16.6001      17.4832      20.6651
      20.5934      19.7355
      19.0953      20.1657      21.5644      23.8387      25.8233      21.8906
      19.1594      15.3841      12.5958      10.1780      8.62366      7.93734
      7.09245      6.89989      9.64114      13.6896      16.1569      17.7044
      20.1768      19.4240
      18.8741      19.9322      21.0030      21.5932      23.4660      19.6373
      16.3520      13.1345      10.4501      8.68984      8.09290      7.24207
      6.66351      6.66316      9.18626      12.7368      15.0386      16.5070
      17.4102      19.1355
      18.6486      19.0041      20.3882      20.5626      20.2371      17.7682
      13.5617      11.2843      9.05634      8.11984      7.44043      6.94300
      6.45256      4.92735      8.95706      12.0209      14.1236      15.5970
      16.7038      17.4119
      18.4360      18.8332      20.0310      20.4537      18.6349      16.2225
      12.6174      9.67896      8.25847      7.37137      6.96257      6.58510
      6.06562      4.97308      8.55809      11.1389      13.3764      14.6968
      15.9745      16.7785
      17.0985      18.6645      19.4328      19.9146      18.1987      14.3538
      11.3842      8.98488      7.83726      7.15878      6.61248      6.37091
      4.93568      4.80998      7.91236      10.6585      12.8687      14.2682
      15.3776      16.4476
      16.8148      18.3611      19.2930      19.4326      17.7886      13.8137
      10.7522      8.65218      7.48084      6.68202      6.42438      6.07162
      4.80690      4.58001      7.69290      10.2707      12.5475      13.9258
      14.9642      15.8092
      16.4382      16.9756      19.1566      19.3130      17.5261      13.6010
      10.6333      8.38298      7.19524      6.57377      6.21948      4.92280
      4.67949      4.51315      7.70353      9.94685      12.2339      13.7374
      14.7019      15.5394
      15.9283      16.7914      17.3930      19.1693      17.0411      13.3587
      10.3174      8.28683      7.12356      6.47351      5.31614      4.79329
      4.56630      5.08714      8.07817      9.68892      12.0020      13.5571
      14.4920      15.1116
      15.7909      16.5763      17.1257      18.9753      16.8787      13.2486
      10.2542      8.25799      7.06096      6.39281      5.34987      4.62546
      4.97494      6.19243      8.83496      9.73037      11.8129      13.6881
      14.3408      15.0312
      15.5143      16.3062      17.0471      18.3014      16.7438      13.2269
      10.0019      8.19554      7.00266      6.44624      5.23459      4.68731
      6.32771      7.78438      9.90019      9.94532      11.4603      13.7057
      14.5456      14.8441
      15.4474      16.1412      16.7447      18.2536      18.0827      15.5469
      12.5550      10.2995      8.17800      6.36283      5.02364      5.69701
      7.68548      9.11132      10.7198      10.3799      11.4763      13.6208
      14.9729      15.2793
      15.7041      16.0067      16.7023      18.1377      17.9764      15.3958
      12.5153      10.1846      8.09718      6.09780      5.28883      7.43184
      9.01167      9.85235      11.1936      11.1176      11.7387      13.3732
      15.3483      15.9676
      16.2738      16.1787      16.7239      17.8753      17.7654      15.4486
      12.5104      10.0529      7.67622      5.72429      6.70758      9.02944
      9.78215      10.1247      11.5783      11.8517      12.2134      13.2327
      15.3913      16.3723
      15.9117      16.3520      16.9702      17.7426      17.3892      15.1595
      12.2794      9.48321      6.84768      6.36967      8.66414      10.0573
      10.0804      10.3094      11.9726      12.5485      12.5163      13.2038
      15.1896      16.3646
      14.5773      14.8764      16.2749      17.3696      16.8379      14.7959
      11.4227      8.15206      6.66397      7.96368      10.4198      10.7243
      10.2049      10.5951      12.8050      13.0610      12.6412      13.2462
      14.7811      16.4526
      13.7876      12.5962      13.3555      14.2866      14.0840      11.6632
      8.54930      7.21176      8.02724      9.93416      11.4532      11.0618
      10.3434      11.4615      13.4547      13.5430      13.0184      13.3486
      14.5445      16.6967
      14.2083      11.7779      11.1712      10.3790      9.34021      8.22506
      7.81223      8.58538      10.0442      11.5681      12.1730      11.2310
      10.9516      12.3279      13.9938      14.0954      13.6344      13.6679
      14.3201      16.3068
      15.0511      12.7565      11.9334      10.9984      10.0233      9.56314
      9.89318      10.7717      11.8781      12.8093      12.5837      11.6279
      11.6710      12.9483      14.4429      14.5533      14.2300      14.0946
      14.4940      15.8444
      15.5627      13.7242      13.2201      12.9026      12.3664      12.2064
      12.4466      12.7969      13.3816      13.5959      12.9713      12.2579
      12.3331      13.3521      14.5978      14.9350      14.7106      14.7405
      15.0398      15.7871
      15.8419      14.8329      14.1042      14.0905      14.1837      14.0921
      14.2259      14.2613      14.3399      14.1300      13.7663      13.0777
      12.9106      13.4589      14.5205      15.2986      15.4555      15.4097
      15.7622      15.9151
      16.1376      15.6956      15.1919      14.9204      15.2562      15.2373
      15.2333      15.1410      15.0941      14.9221      14.5962      14.1048
      13.7830      13.7866      13.9910      15.7894      16.0404      16.1086
      16.4504      15.9624
      16.2811      16.0918      15.9599      15.8561      15.9889      16.0644
      15.9305      15.6876      15.4525      15.6202      15.4315      15.2154
      15.0413      15.1462      15.7767      16.4720      16.6570      16.8018
      17.0609      16.1873
      16.3840      16.4049      16.4041      16.4180      16.4129      16.4234
      16.1967      15.9569      15.7576      16.1950      16.1355      16.0728
      16.0955      16.3495      16.7958      17.1579      17.4447      17.5493
      17.6048      16.2010
      16.4410      16.4515      16.4510      16.4580      16.4555      16.4607
      16.3474      16.2275      16.1278      16.3465      16.3168      16.2854
      16.2968      16.4238      16.6469      16.8280      16.9714      17.0237
      17.0514      16.3495
      16.4980      16.4980      16.4980      16.4980      16.4980      16.4980
      16.4980      16.4980      16.4980      16.4980      16.4980      16.4980
      16.4980      16.4980      16.4980      16.4980      16.4980      16.4980
      16.4980      16.4980
